sumOfBase=7
powerOfBase=20w、1W
基站存储容量=4+1
用户个数=30
迭代次数=3000-30
用户位置：
self.VQS = [[5, 5, 5, 5, 5, 5, 5, 5, 5, 5], [5, 5, 5, 5, 5, 5, 5, 5, 5, 5], [5, 5, 5, 5, 5, 5, 5, 5, 5, 5],
                    [5, 5, 5, 5, 5, 5, 5, 5, 5, 5]]
        self.locationOfBase = [[0, 0], [346, 200], [0, 400], [-346, 200], [-346, -200], [0, -400],
                               [346, -200]]  # 基站位置初始化
        self.locationOfUser = [[314.93815668388834, 311.12784298818843], [-148.22158671732868, 469.78058532939565],
                               [-99.67037517599852, 216.2997056215897], [314.1879176115775, -15.207483828329952],
                               [-225.45652305892702, 226.82795326465106], [385.74347681305403, -48.73962698498847],
                               [-349.9903283580378, 37.38531186137528], [-393.78147417918285, 182.47889521447826],
                               [106.8057922709783, -381.87700402605776], [-370.87121408772094, -167.35190807740787],
                               [69.3125778140751, -216.99086052014906], [-14.561411757123876, 176.1318565303015],
                               [-267.52967086739915, -183.92691832530272], [32.57995418612326, 487.6800770379008],
                               [-235.11664822573863, -24.708207712083468], [154.3637484351586, -360.35491289007916],
                               [350.41256583515974, 270.06571677166613], [-451.5981282666048, -7.88481761759265],
                               [-9.422004437182395, -374.74053115352444], [-205.2214518013454, -247.45080096452998],
                               [281.91274010812725, -10.36430870692823], [169.38164332474787, -34.68796978191863],
                               [-287.57043337990746, 162.20389509012983], [-314.38931538253837, 85.18510967736607],
                               [-218.98721006855064, -189.29431298665023], [165.4415049663331, 139.42973861790634],
                               [335.0766673897913, 256.80854615422123], [33.59205284414872, -439.70754053519033],
                               [-252.84050888567367, 78.55502711745886], [-336.7361902049034, 280.3853526192622]]
