./data/maxFitness/20191025/VQD4-1.txt
[ 1,0.3836337772825443]
[ 2,0.3841554792117659]
[ 3,0.38911873007636]
[ 4,0.3906093528469602]
[ 5,0.3917151202604727]
[ 6,0.3917242875950614]
[ 7,0.42076340170942916]
[ 8,0.42194565424567154]
[ 9,0.4255272870125562]
[ 10,0.4255272870125562]
[ 11,0.4255272870125562]
[ 12,0.4255390458825094]
[ 13,0.4709043572768116]
[ 14,0.4709043572768116]
[ 15,0.4726320880465392]
[ 16,0.4726320880465392]
[ 17,0.4765628356822784]
[ 18,0.4765628356822784]
[ 19,0.4765628356822784]
[ 20,0.47686583181456416]
[ 21,0.47686583181456416]
[ 22,0.47686614217939083]
[ 23,0.47686614217939083]
[ 24,0.47715411915261186]
[ 25,0.47801701966657756]
[ 26,0.4780903718231846]
[ 27,0.4817542034521218]
[ 28,0.4817542034521218]
[ 29,0.48202183566708695]
[ 30,0.48989744355420733]
[ 31,0.48989744355420733]
[ 32,0.495832140893406]
[ 33,0.495832140893406]
[ 34,0.4959211671337698]
[ 35,0.49658810987255303]
[ 36,0.4985418884593413]
[ 37,0.5181165205536623]
[ 38,0.520263561788336]
[ 39,0.5202820629882879]
[ 40,0.529877301777373]
[ 41,0.5300647597795856]
[ 42,0.5436210845112293]
[ 43,0.5436210845112293]
[ 44,0.5436210845112293]
[ 45,0.5436335956030913]
[ 46,0.5456004809621794]
[ 47,0.5456004809621794]
[ 48,0.5456894615925312]
[ 49,0.5456894615925312]
[ 50,0.5458123057718745]
[ 51,0.5458123057718745]
[ 52,0.5458123057718745]
[ 53,0.5459232305934456]
[ 54,0.5459232305934456]
[ 55,0.5461790330749247]
[ 56,0.5545194732282038]
[ 57,0.5568214571817992]
[ 58,0.5568214571817992]
[ 59,0.5568220465343519]
[ 60,0.5568220465343519]
[ 61,0.5570606661724989]
[ 62,0.5570606661724989]
[ 63,0.5570606661724989]
[ 64,0.5571820452069689]
[ 65,0.5571820452069689]
[ 66,0.5574013138426409]
[ 67,0.5574013138426409]
[ 68,0.55830536693958]
[ 69,0.55830536693958]
[ 70,0.55830536693958]
[ 71,0.55830536693958]
[ 72,0.5627383037378207]
[ 73,0.5627383037378207]
[ 74,0.5627383037378207]
[ 75,0.5627383037378207]
[ 76,0.5628122147475375]
[ 77,0.5628122147475375]
[ 78,0.5628122147475375]
[ 79,0.5634727583438672]
[ 80,0.5634727583438672]
[ 81,0.5634727583438672]
[ 82,0.5634727583438672]
[ 83,0.5635206606663198]
[ 84,0.5638297002264477]
[ 85,0.5638297002264477]
[ 86,0.5638776025483417]
[ 87,0.563971690405462]
[ 88,0.5657398262328247]
[ 89,0.5657398262328247]
[ 90,0.5657398262328247]
[ 91,0.5657679469624466]
[ 92,0.5657679469624466]
[ 93,0.5765599745802367]
[ 94,0.5765599745802367]
[ 95,0.5775988903241597]
[ 96,0.5775988903241597]
[ 97,0.5775988903241597]
[ 98,0.5775997440401622]
[ 99,0.577627011074389]
[ 100,0.577627011074389]
[ 101,0.577627011074389]
[ 102,0.577627011074389]
[ 103,0.577627011074389]
[ 104,0.577627011074389]
[ 105,0.577627011074389]
[ 106,0.577627011074389]
[ 107,0.577627011074389]
[ 108,0.5778066467061533]
[ 109,0.5778066467061533]
[ 110,0.5778066467061533]
[ 111,0.5778694294563774]
[ 112,0.5778694294563774]
[ 113,0.5778694294563774]
[ 114,0.5778694294563774]
[ 115,0.5778771663293887]
[ 116,0.5778771663293887]
[ 117,0.5778771663293887]
[ 118,0.5778925575182082]
[ 119,0.5778925575182082]
[ 120,0.5778925575182082]
[ 121,0.5778925575182082]
[ 122,0.5778925575182082]
[ 123,0.5778925575182082]
[ 124,0.5778925575182082]
[ 125,0.5778925575182082]
[ 126,0.5778925575182082]
[ 127,0.5778925575182082]
[ 128,0.5778925575182082]
[ 129,0.5778925575182082]
[ 130,0.5778925575182082]
[ 131,0.5778925575182082]
[ 132,0.5778925575182082]
[ 133,0.5778925575182082]
[ 134,0.5778925575182082]
[ 135,0.5778925575182082]
[ 136,0.5778925575182082]
[ 137,0.5778925575182082]
[ 138,0.5778925575182082]
[ 139,0.5778925575182082]
[ 140,0.5778925575182082]
[ 141,0.5778925575182082]
[ 142,0.5778925575182082]
[ 143,0.5778925575182082]
[ 144,0.5778925575182082]
[ 145,0.5778925575182082]
[ 146,0.5778925575182082]
[ 147,0.5778925575182082]
[ 148,0.5778925575182082]
[ 149,0.5778925575182082]
[ 150,0.5778925575182082]
[ 151,0.5778925575182082]
[ 152,0.5778925575182082]
[ 153,0.5778925575182082]
[ 154,0.5778925575182082]
[ 155,0.5778925575182082]
[ 156,0.5778925575182082]
[ 157,0.5778925575182082]
[ 158,0.5778925575182082]
[ 159,0.5778925575182082]
[ 160,0.5778925575182082]
[ 161,0.5778925575182082]
[ 162,0.5897625132648229]
[ 163,0.5897625132648229]
[ 164,0.5897625132648229]
[ 165,0.5898180354339939]
[ 166,0.5898180354339939]
[ 167,0.5898522599061902]
[ 168,0.5898522599061902]
[ 169,0.5898522599061902]
[ 170,0.5899427795425655]
[ 171,0.5899427795425655]
[ 172,0.5899770040147614]
[ 173,0.5899770040147614]
[ 174,0.5899876360768275]
[ 175,0.5899876360768275]
[ 176,0.5899876360768275]
[ 177,0.5904001539474945]
[ 178,0.5904001539474945]
[ 179,0.5908735945796924]
[ 180,0.5914965895736811]
[ 181,0.5917756812524801]
[ 182,0.5917756812524801]
[ 183,0.5917795370018988]
[ 184,0.59178458466831]
[ 185,0.59178458466831]
[ 186,0.59178458466831]
[ 187,0.59178458466831]
[ 188,0.59178458466831]
[ 189,0.59178458466831]
[ 190,0.59178458466831]
[ 191,0.59178458466831]
[ 192,0.59178458466831]
[ 193,0.59178458466831]
[ 194,0.5929148615291845]
[ 195,0.6112184165867728]
[ 196,0.6112184165867728]
[ 197,0.6114648600270485]
[ 198,0.6114648600270485]
[ 199,0.6241270206270709]
[ 200,0.6241270206270709]
[ 201,0.6241270206270709]
[ 202,0.6241270206270709]
[ 203,0.6241270206270709]
[ 204,0.6244825599026489]
[ 205,0.6244825599026489]
[ 206,0.624588162117896]
[ 207,0.624588162117896]
[ 208,0.6268586417663843]
[ 209,0.6272421565972612]
[ 210,0.6272421565972612]
[ 211,0.6272421565972612]
[ 212,0.6276309728675565]
[ 213,0.6276309728675565]
[ 214,0.6280144877090278]
[ 215,0.6280144877090278]
[ 216,0.6280144877090278]
[ 217,0.6284998566633283]
[ 218,0.6284998566633283]
[ 219,0.6284998566633283]
[ 220,0.6284998566633283]
[ 221,0.6284998566633283]
[ 222,0.6284998566633283]
[ 223,0.6294968712417044]
[ 224,0.6294968712417044]
[ 225,0.6320193951752365]
[ 226,0.6320193951752365]
[ 227,0.6320193951752365]
[ 228,0.6340940729569037]
[ 229,0.6340940729569037]
[ 230,0.6340940729569037]
[ 231,0.6340940729569037]
[ 232,0.6340940729569037]
[ 233,0.6340940729569037]
[ 234,0.6340940729569037]
[ 235,0.6340940729569037]
[ 236,0.6417043441824541]
[ 237,0.6417043441824541]
[ 238,0.6430682040840626]
[ 239,0.6430682040840626]
[ 240,0.6430682040840626]
[ 241,0.6430682040840626]
[ 242,0.6430682040840626]
[ 243,0.6430682040840626]
[ 244,0.6430682040840626]
[ 245,0.6430682040840626]
[ 246,0.6430682040840626]
[ 247,0.6430682040840626]
[ 248,0.6430682040840626]
[ 249,0.6430682040840626]
[ 250,0.6430682040840626]
[ 251,0.6430682040840626]
[ 252,0.6430682040840626]
[ 253,0.6430682040840626]
[ 254,0.6430682040840626]
[ 255,0.6430682040840626]
[ 256,0.6430682040840626]
[ 257,0.6430682040840626]
[ 258,0.6431885462460164]
[ 259,0.6431885462460164]
[ 260,0.6431885462460164]
[ 261,0.6431885462460164]
[ 262,0.6438896729484849]
[ 263,0.6438896729484849]
[ 264,0.6438896729484849]
[ 265,0.6438896729484849]
[ 266,0.6440273087351904]
[ 267,0.6440273087351904]
[ 268,0.6440273087351904]
[ 269,0.6440273087351904]
[ 270,0.6440273087351904]
[ 271,0.6461746039869681]
[ 272,0.6461746039869681]
[ 273,0.6461746039869681]
[ 274,0.6511898002504595]
[ 275,0.6511898002504595]
[ 276,0.6514841724300495]
[ 277,0.6514841724300495]
[ 278,0.6514841724300495]
[ 279,0.6514841724300495]
[ 280,0.6514841724300495]
[ 281,0.6514841724300495]
[ 282,0.6514841724300495]
[ 283,0.6514841724300495]
[ 284,0.6514841724300495]
[ 285,0.6514841724300495]
[ 286,0.6514841724300495]
[ 287,0.6514841724300495]
[ 288,0.6514841724300495]
[ 289,0.6514841724300495]
[ 290,0.6514841724300495]
[ 291,0.6514841724300495]
[ 292,0.6514841724300495]
[ 293,0.6514841724300495]
[ 294,0.6514841724300495]
[ 295,0.6514841724300495]
[ 296,0.6514841724300495]
[ 297,0.6514841724300495]
[ 298,0.6514841724300495]
[ 299,0.6514841724300495]
[ 300,0.6514841724300495]
[ 301,0.6514841724300495]
[ 302,0.6514841724300495]
[ 303,0.6514841724300495]
[ 304,0.6514841724300495]
[ 305,0.6514841724300495]
[ 306,0.6514841724300495]
[ 307,0.6514841724300495]
[ 308,0.6514841724300495]
[ 309,0.6514841724300495]
[ 310,0.6514841724300495]
[ 311,0.6514841724300495]
[ 312,0.6514841724300495]
[ 313,0.6514841724300495]
[ 314,0.6514841724300495]
[ 315,0.6514841724300495]
[ 316,0.6514841724300495]
[ 317,0.6514841724300495]
[ 318,0.6514841724300495]
[ 319,0.6514841724300495]
[ 320,0.6514841724300495]
[ 321,0.6514841724300495]
[ 322,0.6514841724300495]
[ 323,0.6514841724300495]
[ 324,0.6514841724300495]
[ 325,0.6514841724300495]
[ 326,0.6514841724300495]
[ 327,0.6514841724300495]
[ 328,0.6514841724300495]
[ 329,0.6514841724300495]
[ 330,0.6514841724300495]
[ 331,0.6514841724300495]
[ 332,0.6514841724300495]
[ 333,0.6514841724300495]
[ 334,0.6514841724300495]
[ 335,0.6514841724300495]
[ 336,0.6514841724300495]
[ 337,0.6514841724300495]
[ 338,0.6514841724300495]
[ 339,0.6514841724300495]
[ 340,0.6514841724300495]
[ 341,0.6514841724300495]
[ 342,0.6514841724300495]
[ 343,0.6514841724300495]
[ 344,0.6514841724300495]
[ 345,0.6514841724300495]
[ 346,0.6514841724300495]
[ 347,0.6514841724300495]
[ 348,0.6514841724300495]
[ 349,0.6514841724300495]
[ 350,0.6514841724300495]
[ 351,0.6514841724300495]
[ 352,0.6514841724300495]
[ 353,0.6514841724300495]
[ 354,0.6514841724300495]
[ 355,0.6514841724300495]
[ 356,0.6514841724300495]
[ 357,0.6514841724300495]
[ 358,0.6514841724300495]
[ 359,0.6514841724300495]
[ 360,0.6514841724300495]
[ 361,0.6514841724300495]
[ 362,0.6514841724300495]
[ 363,0.6514841724300495]
[ 364,0.6514841724300495]
[ 365,0.6514841724300495]
[ 366,0.6514841724300495]
[ 367,0.6514841724300495]
[ 368,0.6514841724300495]
[ 369,0.6514841724300495]
[ 370,0.6514841724300495]
[ 371,0.6514841724300495]
[ 372,0.6514841724300495]
[ 373,0.6514841724300495]
[ 374,0.6514841724300495]
[ 375,0.6514841724300495]
[ 376,0.6514841724300495]
[ 377,0.6514841724300495]
[ 378,0.6514841724300495]
[ 379,0.6514841724300495]
[ 380,0.6514841724300495]
[ 381,0.6514841724300495]
[ 382,0.6514841724300495]
[ 383,0.6514841724300495]
[ 384,0.6514841724300495]
[ 385,0.6514841724300495]
[ 386,0.6514841724300495]
[ 387,0.6514841724300495]
[ 388,0.6514841724300495]
[ 389,0.6514841724300495]
[ 390,0.6514841724300495]
[ 391,0.6514841724300495]
[ 392,0.6514841724300495]
[ 393,0.6514841724300495]
[ 394,0.6514841724300495]
[ 395,0.6514841724300495]
[ 396,0.6514841724300495]
[ 397,0.6514841724300495]
[ 398,0.6514841724300495]
[ 399,0.6514841724300495]
[ 400,0.6514841724300495]
[ 401,0.6514841724300495]
[ 402,0.6514841724300495]
[ 403,0.6514841724300495]
[ 404,0.6514841724300495]
[ 405,0.6514841724300495]
[ 406,0.6514841724300495]
[ 407,0.6514841724300495]
[ 408,0.6514841724300495]
[ 409,0.6514841724300495]
[ 410,0.6514841724300495]
[ 411,0.6514841724300495]
[ 412,0.6514841724300495]
[ 413,0.6514841724300495]
[ 414,0.6514841724300495]
[ 415,0.6514841724300495]
[ 416,0.6514841724300495]
[ 417,0.6514841724300495]
[ 418,0.6514841724300495]
[ 419,0.6514841724300495]
[ 420,0.6514841724300495]
[ 421,0.6514841724300495]
[ 422,0.6514841724300495]
[ 423,0.6514841724300495]
[ 424,0.6514841724300495]
[ 425,0.6514841724300495]
[ 426,0.6514841724300495]
[ 427,0.6514841724300495]
[ 428,0.6514841724300495]
[ 429,0.6514841724300495]
[ 430,0.6514841724300495]
[ 431,0.6514841724300495]
[ 432,0.6514841724300495]
[ 433,0.6514841724300495]
[ 434,0.6514841724300495]
[ 435,0.6514841724300495]
[ 436,0.6514841724300495]
[ 437,0.6514841724300495]
[ 438,0.6514841724300495]
[ 439,0.6514841724300495]
[ 440,0.6514841724300495]
[ 441,0.6514841724300495]
[ 442,0.6514841724300495]
[ 443,0.6514841724300495]
[ 444,0.6514841724300495]
[ 445,0.6514841724300495]
[ 446,0.6514841724300495]
[ 447,0.6514841724300495]
[ 448,0.6514841724300495]
[ 449,0.6514841724300495]
[ 450,0.6514841724300495]
[ 451,0.6514841724300495]
[ 452,0.6514841724300495]
[ 453,0.6514841724300495]
[ 454,0.6514841724300495]
[ 455,0.6514841724300495]
[ 456,0.6514841724300495]
[ 457,0.6514841724300495]
[ 458,0.6514841724300495]
[ 459,0.6514841724300495]
[ 460,0.6514841724300495]
[ 461,0.6514841724300495]
[ 462,0.6514841724300495]
[ 463,0.6514841724300495]
[ 464,0.6514841724300495]
[ 465,0.6514841724300495]
[ 466,0.6514841724300495]
[ 467,0.6514841724300495]
[ 468,0.6514841724300495]
[ 469,0.6514841724300495]
[ 470,0.6514841724300495]
[ 471,0.6514841724300495]
[ 472,0.6514841724300495]
[ 473,0.6514841724300495]
[ 474,0.6514841724300495]
[ 475,0.6514841724300495]
[ 476,0.6514841724300495]
[ 477,0.6514841724300495]
[ 478,0.6514841724300495]
[ 479,0.6514841724300495]
[ 480,0.6514841724300495]
[ 481,0.6514841724300495]
[ 482,0.6514841724300495]
[ 483,0.6514841724300495]
[ 484,0.6514841724300495]
[ 485,0.6514841724300495]
[ 486,0.6514841724300495]
[ 487,0.6514841724300495]
[ 488,0.6514841724300495]
[ 489,0.6514841724300495]
[ 490,0.6514841724300495]
[ 491,0.6514841724300495]
[ 492,0.6514841724300495]
[ 493,0.6514841724300495]
[ 494,0.6514841724300495]
[ 495,0.6514841724300495]
[ 496,0.6514841724300495]
[ 497,0.6514841724300495]
[ 498,0.6514841724300495]
[ 499,0.6514841724300495]
[ 500,0.6514841724300495]
[ 501,0.6514841724300495]
[ 502,0.6514841724300495]
[ 503,0.6514841724300495]
[ 504,0.6514841724300495]
[ 505,0.6514841724300495]
[ 506,0.6514841724300495]
[ 507,0.6514841724300495]
[ 508,0.6514841724300495]
[ 509,0.6514841724300495]
[ 510,0.6514841724300495]
[ 511,0.6514841724300495]
[ 512,0.6514841724300495]
[ 513,0.6514841724300495]
[ 514,0.6514841724300495]
[ 515,0.6514841724300495]
[ 516,0.6514841724300495]
[ 517,0.6514841724300495]
[ 518,0.6514841724300495]
[ 519,0.6514841724300495]
[ 520,0.6514841724300495]
[ 521,0.6514841724300495]
[ 522,0.6514841724300495]
[ 523,0.6514841724300495]
[ 524,0.6517979169443946]
[ 525,0.6517979169443946]
[ 526,0.6521369541280165]
[ 527,0.6521508791122602]
[ 528,0.6521508791122602]
[ 529,0.6521508791122602]
[ 530,0.6521508791122602]
[ 531,0.6521508791122602]
[ 532,0.6521508791122602]
[ 533,0.6521508791122602]
[ 534,0.6521508791122602]
[ 535,0.6521508791122602]
[ 536,0.6521508791122602]
[ 537,0.6521508791122602]
[ 538,0.6521508791122602]
[ 539,0.6521508791122602]
[ 540,0.6521508791122602]
[ 541,0.6521508791122602]
[ 542,0.6521508791122602]
[ 543,0.6521508791122602]
[ 544,0.6521508791122602]
[ 545,0.6521508791122602]
[ 546,0.6521508791122602]
[ 547,0.6597244681255613]
[ 548,0.6603627147008684]
[ 549,0.6603627147008684]
[ 550,0.6603627147008684]
[ 551,0.6603627147008684]
[ 552,0.6603627147008684]
[ 553,0.6603627147008684]
[ 554,0.6603627147008684]
[ 555,0.6603627147008684]
[ 556,0.6603627147008684]
[ 557,0.6603627147008684]
[ 558,0.6603627147008684]
[ 559,0.6603627147008684]
[ 560,0.6603627147008684]
[ 561,0.6603627147008684]
[ 562,0.6603627147008684]
[ 563,0.6603627147008684]
[ 564,0.6612970208391048]
[ 565,0.6612970208391048]
[ 566,0.6612970208391048]
[ 567,0.6627378225888775]
[ 568,0.6631271779341589]
[ 569,0.6631271779341589]
[ 570,0.6631271779341589]
[ 571,0.6631271779341589]
[ 572,0.6631271779341589]
[ 573,0.6631271779341589]
[ 574,0.6631271779341589]
[ 575,0.6631271779341589]
[ 576,0.6631271779341589]
[ 577,0.6631271779341589]
[ 578,0.6631271779341589]
[ 579,0.6631271779341589]
[ 580,0.6631271779341589]
[ 581,0.6631271779341589]
[ 582,0.6631271779341589]
[ 583,0.6631271779341589]
[ 584,0.6631271779341589]
[ 585,0.6631271779341589]
[ 586,0.6631271779341589]
[ 587,0.6631271779341589]
[ 588,0.6631271779341589]
[ 589,0.6631271779341589]
[ 590,0.6631271779341589]
[ 591,0.6631271779341589]
[ 592,0.6631271779341589]
[ 593,0.6631271779341589]
[ 594,0.6631271779341589]
[ 595,0.6631271779341589]
[ 596,0.6631271779341589]
[ 597,0.6631271779341589]
[ 598,0.6631271779341589]
[ 599,0.6631271779341589]
[ 600,0.6631271779341589]
[ 601,0.6631271779341589]
[ 602,0.6631271779341589]
[ 603,0.6631271779341589]
[ 604,0.6631271779341589]
[ 605,0.6631271779341589]
[ 606,0.6631271779341589]
[ 607,0.6631271779341589]
[ 608,0.6631271779341589]
[ 609,0.6631271779341589]
[ 610,0.6631271779341589]
[ 611,0.6631271779341589]
[ 612,0.6631271779341589]
[ 613,0.6631271779341589]
[ 614,0.6631271779341589]
[ 615,0.6631271779341589]
[ 616,0.6631271779341589]
[ 617,0.6631271779341589]
[ 618,0.6631271779341589]
[ 619,0.6631271779341589]
[ 620,0.6631271779341589]
[ 621,0.6631271779341589]
[ 622,0.6631271779341589]
[ 623,0.6631271779341589]
[ 624,0.6631271779341589]
[ 625,0.6631271779341589]
[ 626,0.6631271779341589]
[ 627,0.6631271779341589]
[ 628,0.6631271779341589]
[ 629,0.6631271779341589]
[ 630,0.6631271779341589]
[ 631,0.6631271779341589]
[ 632,0.6631271779341589]
[ 633,0.6631271779341589]
[ 634,0.6631271779341589]
[ 635,0.6631271779341589]
[ 636,0.6631271779341589]
[ 637,0.6631271779341589]
[ 638,0.6631271779341589]
[ 639,0.6631271779341589]
[ 640,0.6631271779341589]
[ 641,0.6631271779341589]
[ 642,0.6631271779341589]
[ 643,0.6631271779341589]
[ 644,0.6631271779341589]
[ 645,0.6631271779341589]
[ 646,0.6631271779341589]
[ 647,0.6631271779341589]
[ 648,0.6631271779341589]
[ 649,0.6631271779341589]
[ 650,0.6631271779341589]
[ 651,0.6631271779341589]
[ 652,0.6631271779341589]
[ 653,0.6631271779341589]
[ 654,0.6631271779341589]
[ 655,0.6631271779341589]
[ 656,0.6631271779341589]
[ 657,0.6631271779341589]
[ 658,0.6631271779341589]
[ 659,0.6631271779341589]
[ 660,0.6631271779341589]
[ 661,0.6631271779341589]
[ 662,0.6631271779341589]
[ 663,0.6631271779341589]
[ 664,0.6631271779341589]
[ 665,0.6631271779341589]
[ 666,0.6631271779341589]
[ 667,0.6631271779341589]
[ 668,0.6631271779341589]
[ 669,0.6631271779341589]
[ 670,0.6631271779341589]
[ 671,0.6631271779341589]
[ 672,0.6631271779341589]
[ 673,0.6631271779341589]
[ 674,0.6631271779341589]
[ 675,0.6631271779341589]
[ 676,0.6631271779341589]
[ 677,0.6631271779341589]
[ 678,0.6631271779341589]
[ 679,0.6631271779341589]
[ 680,0.6631271779341589]
[ 681,0.6631271779341589]
[ 682,0.6631271779341589]
[ 683,0.6631271779341589]
[ 684,0.6631271779341589]
[ 685,0.6631271779341589]
[ 686,0.6631271779341589]
[ 687,0.6631271779341589]
[ 688,0.6631271779341589]
[ 689,0.6631271779341589]
[ 690,0.6631271779341589]
[ 691,0.6631271779341589]
[ 692,0.6631271779341589]
[ 693,0.6631271779341589]
[ 694,0.6631271779341589]
[ 695,0.6631271779341589]
[ 696,0.6631271779341589]
[ 697,0.6631271779341589]
[ 698,0.6631271779341589]
[ 699,0.6631271779341589]
[ 700,0.6631271779341589]
[ 701,0.6631271779341589]
[ 702,0.6631271779341589]
[ 703,0.6631271779341589]
[ 704,0.6631271779341589]
[ 705,0.6631271779341589]
[ 706,0.6631271779341589]
[ 707,0.6631271779341589]
[ 708,0.6631271779341589]
[ 709,0.6631271779341589]
[ 710,0.6631271779341589]
[ 711,0.6631271779341589]
[ 712,0.6631271779341589]
[ 713,0.6631271779341589]
[ 714,0.6631271779341589]
[ 715,0.6631271779341589]
[ 716,0.6631271779341589]
[ 717,0.6631271779341589]
[ 718,0.6631271779341589]
[ 719,0.6631271779341589]
[ 720,0.6631271779341589]
[ 721,0.6631271779341589]
[ 722,0.6631271779341589]
[ 723,0.6631271779341589]
[ 724,0.6631271779341589]
[ 725,0.6631271779341589]
[ 726,0.6631271779341589]
[ 727,0.6631271779341589]
[ 728,0.6631271779341589]
[ 729,0.6631271779341589]
[ 730,0.6631271779341589]
[ 731,0.6631271779341589]
[ 732,0.6631271779341589]
[ 733,0.6631271779341589]
[ 734,0.6631271779341589]
[ 735,0.6631271779341589]
[ 736,0.6631271779341589]
[ 737,0.6631271779341589]
[ 738,0.6631271779341589]
[ 739,0.6631271779341589]
[ 740,0.6631271779341589]
[ 741,0.6631271779341589]
[ 742,0.6631271779341589]
[ 743,0.6631271779341589]
[ 744,0.6631271779341589]
[ 745,0.6631271779341589]
[ 746,0.6631271779341589]
[ 747,0.6631271779341589]
[ 748,0.6631271779341589]
[ 749,0.6631271779341589]
[ 750,0.6631271779341589]
[ 751,0.6631271779341589]
[ 752,0.6631271779341589]
[ 753,0.6631271779341589]
[ 754,0.6631271779341589]
[ 755,0.6631271779341589]
[ 756,0.6631271779341589]
[ 757,0.6631271779341589]
[ 758,0.6631271779341589]
[ 759,0.6631271779341589]
[ 760,0.6631271779341589]
[ 761,0.6631271779341589]
[ 762,0.6631271779341589]
[ 763,0.6631271779341589]
[ 764,0.6631271779341589]
[ 765,0.6631271779341589]
[ 766,0.6631271779341589]
[ 767,0.6631271779341589]
[ 768,0.6631271779341589]
[ 769,0.6631271779341589]
[ 770,0.6631271779341589]
[ 771,0.6631271779341589]
[ 772,0.6631271779341589]
[ 773,0.6631271779341589]
[ 774,0.6631271779341589]
[ 775,0.6631271779341589]
[ 776,0.6631271779341589]
[ 777,0.6631271779341589]
[ 778,0.6631271779341589]
[ 779,0.6631271779341589]
[ 780,0.6631271779341589]
[ 781,0.6631271779341589]
[ 782,0.6631271779341589]
[ 783,0.6631271779341589]
[ 784,0.6631271779341589]
[ 785,0.6631271779341589]
[ 786,0.6631271779341589]
[ 787,0.6631271779341589]
[ 788,0.6631271779341589]
[ 789,0.6631271779341589]
[ 790,0.6631271779341589]
[ 791,0.6631271779341589]
[ 792,0.6631271779341589]
[ 793,0.6631271779341589]
[ 794,0.6631271779341589]
[ 795,0.6631271779341589]
[ 796,0.6631271779341589]
[ 797,0.6631271779341589]
[ 798,0.6631271779341589]
[ 799,0.6631271779341589]
[ 800,0.6631271779341589]
[ 801,0.6631271779341589]
[ 802,0.6631271779341589]
[ 803,0.6631271779341589]
[ 804,0.6631271779341589]
[ 805,0.6631271779341589]
[ 806,0.6631271779341589]
[ 807,0.6631271779341589]
[ 808,0.6631271779341589]
[ 809,0.6637963505772053]
[ 810,0.6637963505772053]
[ 811,0.6637963505772053]
[ 812,0.6637963505772053]
[ 813,0.6637963505772053]
[ 814,0.6637963505772053]
[ 815,0.6637963505772053]
[ 816,0.6637963505772053]
[ 817,0.6637963505772053]
[ 818,0.6637963505772053]
[ 819,0.6637963505772053]
[ 820,0.6637963505772053]
[ 821,0.6637963505772053]
[ 822,0.6637963505772053]
[ 823,0.6637963505772053]
[ 824,0.6637963505772053]
[ 825,0.6637963505772053]
[ 826,0.6637963505772053]
[ 827,0.6637963505772053]
[ 828,0.6637963505772053]
[ 829,0.6637963505772053]
[ 830,0.6637963505772053]
[ 831,0.6637963505772053]
[ 832,0.6637963505772053]
[ 833,0.6637963505772053]
[ 834,0.6637963505772053]
[ 835,0.6637963505772053]
[ 836,0.6637963505772053]
[ 837,0.6637963505772053]
[ 838,0.6637963505772053]
[ 839,0.6637963505772053]
[ 840,0.6637963505772053]
[ 841,0.6637963505772053]
[ 842,0.6637963505772053]
[ 843,0.6637963505772053]
[ 844,0.6637963505772053]
[ 845,0.6637963505772053]
[ 846,0.6637963505772053]
[ 847,0.6637963505772053]
[ 848,0.6637963505772053]
[ 849,0.6637963505772053]
[ 850,0.6637963505772053]
[ 851,0.6637963505772053]
[ 852,0.6637963505772053]
[ 853,0.6637963505772053]
[ 854,0.6637963505772053]
[ 855,0.6637963505772053]
[ 856,0.6637963505772053]
[ 857,0.6637963505772053]
[ 858,0.6637963505772053]
[ 859,0.6637963505772053]
[ 860,0.6637963505772053]
[ 861,0.6637963505772053]
[ 862,0.6637963505772053]
[ 863,0.6637963505772053]
[ 864,0.6637963505772053]
[ 865,0.6637963505772053]
[ 866,0.6637963505772053]
[ 867,0.6687183404225953]
[ 868,0.6687183404225953]
[ 869,0.6687183404225953]
[ 870,0.6687469531820748]
[ 871,0.6693139919686238]
[ 872,0.6693139919686238]
[ 873,0.6693139919686238]
[ 874,0.6693139919686238]
[ 875,0.6694362630982609]
[ 876,0.6694362630982609]
[ 877,0.6694362630982609]
[ 878,0.6694362630982609]
[ 879,0.6694362630982609]
[ 880,0.6694362630982609]
[ 881,0.6694362630982609]
[ 882,0.6694362630982609]
[ 883,0.6694362630982609]
[ 884,0.6694362630982609]
[ 885,0.6694362630982609]
[ 886,0.6694362630982609]
[ 887,0.6694362630982609]
[ 888,0.6694362630982609]
[ 889,0.6694362630982609]
[ 890,0.6694362630982609]
[ 891,0.6694362630982609]
[ 892,0.6694362630982609]
[ 893,0.6694362630982609]
[ 894,0.6694362630982609]
[ 895,0.6694362630982609]
[ 896,0.6694362630982609]
[ 897,0.6694362630982609]
[ 898,0.6694362630982609]
[ 899,0.6694362630982609]
[ 900,0.6694362630982609]
[ 901,0.6694362630982609]
[ 902,0.6694362630982609]
[ 903,0.6694362630982609]
[ 904,0.6694362630982609]
[ 905,0.6694362630982609]
[ 906,0.6694362630982609]
[ 907,0.6694362630982609]
[ 908,0.6694362630982609]
[ 909,0.6694362630982609]
[ 910,0.6694362630982609]
[ 911,0.6694362630982609]
[ 912,0.6694362630982609]
[ 913,0.6694362630982609]
[ 914,0.6694362630982609]
[ 915,0.6694362630982609]
[ 916,0.6694362630982609]
[ 917,0.6694362630982609]
[ 918,0.6694362630982609]
[ 919,0.6694362630982609]
[ 920,0.6694362630982609]
[ 921,0.6694362630982609]
[ 922,0.6694362630982609]
[ 923,0.6706763627421524]
[ 924,0.6706763627421524]
[ 925,0.6706763627421524]
[ 926,0.6706763627421524]
[ 927,0.6710138956798429]
[ 928,0.6710138956798429]
[ 929,0.6710151837609792]
[ 930,0.6710151837609792]
[ 931,0.6711186850392649]
[ 932,0.6711186850392649]
[ 933,0.6711186850392649]
[ 934,0.6711186850392649]
[ 935,0.671124915234541]
[ 936,0.671124915234541]
[ 937,0.671124915234541]
[ 938,0.671124915234541]
[ 939,0.671124915234541]
[ 940,0.671124915234541]
[ 941,0.671124915234541]
[ 942,0.671124915234541]
[ 943,0.671124915234541]
[ 944,0.671124915234541]
[ 945,0.671124915234541]
[ 946,0.671124915234541]
[ 947,0.671124915234541]
[ 948,0.671124915234541]
[ 949,0.671124915234541]
[ 950,0.671124915234541]
[ 951,0.671124915234541]
[ 952,0.671124915234541]
[ 953,0.671124915234541]
[ 954,0.671124915234541]
[ 955,0.671124915234541]
[ 956,0.671124915234541]
[ 957,0.671124915234541]
[ 958,0.671124915234541]
[ 959,0.671124915234541]
[ 960,0.671124915234541]
[ 961,0.671124915234541]
[ 962,0.671124915234541]
[ 963,0.671124915234541]
[ 964,0.671124915234541]
[ 965,0.671124915234541]
[ 966,0.671124915234541]
[ 967,0.671124915234541]
[ 968,0.671124915234541]
[ 969,0.671124915234541]
[ 970,0.671124915234541]
[ 971,0.671124915234541]
[ 972,0.671124915234541]
[ 973,0.671124915234541]
[ 974,0.671124915234541]
[ 975,0.671124915234541]
[ 976,0.671124915234541]
[ 977,0.671124915234541]
[ 978,0.671124915234541]
[ 979,0.671124915234541]
[ 980,0.671124915234541]
[ 981,0.671124915234541]
[ 982,0.671124915234541]
[ 983,0.671124915234541]
[ 984,0.671124915234541]
[ 985,0.671124915234541]
[ 986,0.671124915234541]
[ 987,0.671124915234541]
[ 988,0.671124915234541]
[ 989,0.671124915234541]
[ 990,0.671124915234541]
[ 991,0.671124915234541]
[ 992,0.671124915234541]
[ 993,0.671124915234541]
[ 994,0.671124915234541]
[ 995,0.671124915234541]
[ 996,0.671124915234541]
[ 997,0.671124915234541]
[ 998,0.671124915234541]
[ 999,0.671124915234541]
[ 1000,0.671124915234541]
[ 1001,0.671124915234541]
[ 1002,0.671124915234541]
[ 1003,0.671124915234541]
[ 1004,0.671124915234541]
[ 1005,0.671124915234541]
[ 1006,0.671124915234541]
[ 1007,0.671124915234541]
[ 1008,0.671124915234541]
[ 1009,0.671124915234541]
[ 1010,0.671124915234541]
[ 1011,0.671124915234541]
[ 1012,0.671124915234541]
[ 1013,0.671124915234541]
[ 1014,0.671124915234541]
[ 1015,0.671124915234541]
[ 1016,0.671124915234541]
[ 1017,0.671124915234541]
[ 1018,0.671124915234541]
[ 1019,0.671124915234541]
[ 1020,0.671124915234541]
[ 1021,0.671124915234541]
[ 1022,0.671124915234541]
[ 1023,0.671124915234541]
[ 1024,0.671124915234541]
[ 1025,0.671124915234541]
[ 1026,0.671124915234541]
[ 1027,0.671124915234541]
[ 1028,0.671124915234541]
[ 1029,0.671124915234541]
[ 1030,0.671124915234541]
[ 1031,0.671124915234541]
[ 1032,0.671124915234541]
[ 1033,0.671124915234541]
[ 1034,0.671124915234541]
[ 1035,0.671124915234541]
[ 1036,0.671124915234541]
[ 1037,0.671124915234541]
[ 1038,0.671124915234541]
[ 1039,0.671124915234541]
[ 1040,0.671124915234541]
[ 1041,0.671124915234541]
[ 1042,0.671124915234541]
[ 1043,0.671124915234541]
[ 1044,0.671124915234541]
[ 1045,0.671124915234541]
[ 1046,0.671124915234541]
[ 1047,0.671124915234541]
[ 1048,0.671124915234541]
[ 1049,0.671124915234541]
[ 1050,0.671124915234541]
[ 1051,0.671124915234541]
[ 1052,0.671124915234541]
[ 1053,0.671124915234541]
[ 1054,0.671124915234541]
[ 1055,0.671124915234541]
[ 1056,0.671124915234541]
[ 1057,0.671124915234541]
[ 1058,0.671124915234541]
[ 1059,0.671124915234541]
[ 1060,0.671124915234541]
[ 1061,0.671124915234541]
[ 1062,0.671124915234541]
[ 1063,0.671124915234541]
[ 1064,0.671124915234541]
[ 1065,0.671124915234541]
[ 1066,0.671124915234541]
[ 1067,0.671124915234541]
[ 1068,0.671124915234541]
[ 1069,0.671124915234541]
[ 1070,0.671124915234541]
[ 1071,0.671124915234541]
[ 1072,0.671124915234541]
[ 1073,0.671124915234541]
[ 1074,0.671124915234541]
[ 1075,0.671124915234541]
[ 1076,0.671124915234541]
[ 1077,0.671124915234541]
[ 1078,0.671124915234541]
[ 1079,0.671124915234541]
[ 1080,0.671124915234541]
[ 1081,0.671124915234541]
[ 1082,0.671124915234541]
[ 1083,0.671124915234541]
[ 1084,0.671124915234541]
[ 1085,0.671124915234541]
[ 1086,0.671124915234541]
[ 1087,0.671124915234541]
[ 1088,0.671124915234541]
[ 1089,0.671124915234541]
[ 1090,0.671124915234541]
[ 1091,0.671124915234541]
[ 1092,0.671124915234541]
[ 1093,0.671124915234541]
[ 1094,0.671124915234541]
[ 1095,0.671124915234541]
[ 1096,0.671124915234541]
[ 1097,0.671124915234541]
[ 1098,0.671124915234541]
[ 1099,0.671124915234541]
[ 1100,0.671124915234541]
[ 1101,0.671124915234541]
[ 1102,0.671124915234541]
[ 1103,0.671124915234541]
[ 1104,0.671124915234541]
[ 1105,0.671124915234541]
[ 1106,0.671124915234541]
[ 1107,0.671124915234541]
[ 1108,0.671124915234541]
[ 1109,0.671124915234541]
[ 1110,0.671124915234541]
[ 1111,0.671124915234541]
[ 1112,0.671124915234541]
[ 1113,0.671124915234541]
[ 1114,0.671124915234541]
[ 1115,0.671124915234541]
[ 1116,0.671124915234541]
[ 1117,0.671124915234541]
[ 1118,0.671124915234541]
[ 1119,0.671124915234541]
[ 1120,0.671124915234541]
[ 1121,0.671124915234541]
[ 1122,0.671124915234541]
[ 1123,0.671124915234541]
[ 1124,0.671124915234541]
[ 1125,0.671124915234541]
[ 1126,0.671124915234541]
[ 1127,0.671124915234541]
[ 1128,0.671124915234541]
[ 1129,0.671124915234541]
[ 1130,0.671124915234541]
[ 1131,0.671124915234541]
[ 1132,0.671124915234541]
[ 1133,0.671124915234541]
[ 1134,0.671124915234541]
[ 1135,0.671124915234541]
[ 1136,0.671124915234541]
[ 1137,0.671124915234541]
[ 1138,0.671124915234541]
[ 1139,0.671124915234541]
[ 1140,0.671124915234541]
[ 1141,0.671124915234541]
[ 1142,0.671124915234541]
[ 1143,0.671124915234541]
[ 1144,0.671124915234541]
[ 1145,0.671124915234541]
[ 1146,0.671124915234541]
[ 1147,0.671124915234541]
[ 1148,0.671124915234541]
[ 1149,0.671124915234541]
[ 1150,0.671124915234541]
[ 1151,0.671124915234541]
[ 1152,0.671124915234541]
[ 1153,0.671124915234541]
[ 1154,0.671124915234541]
[ 1155,0.671124915234541]
[ 1156,0.671124915234541]
[ 1157,0.671124915234541]
[ 1158,0.671124915234541]
[ 1159,0.671124915234541]
[ 1160,0.671124915234541]
[ 1161,0.671124915234541]
[ 1162,0.671124915234541]
[ 1163,0.671124915234541]
[ 1164,0.671124915234541]
[ 1165,0.671124915234541]
[ 1166,0.671124915234541]
[ 1167,0.671124915234541]
[ 1168,0.671124915234541]
[ 1169,0.671124915234541]
[ 1170,0.671124915234541]
[ 1171,0.671124915234541]
[ 1172,0.671124915234541]
[ 1173,0.671124915234541]
[ 1174,0.671124915234541]
[ 1175,0.671124915234541]
[ 1176,0.671124915234541]
[ 1177,0.671124915234541]
[ 1178,0.671124915234541]
[ 1179,0.671124915234541]
[ 1180,0.671124915234541]
[ 1181,0.671124915234541]
[ 1182,0.671124915234541]
[ 1183,0.671124915234541]
[ 1184,0.671124915234541]
[ 1185,0.671124915234541]
[ 1186,0.671124915234541]
[ 1187,0.671124915234541]
[ 1188,0.671124915234541]
[ 1189,0.671124915234541]
[ 1190,0.671124915234541]
[ 1191,0.671124915234541]
[ 1192,0.671124915234541]
[ 1193,0.671124915234541]
[ 1194,0.671124915234541]
[ 1195,0.671124915234541]
[ 1196,0.671124915234541]
[ 1197,0.671124915234541]
[ 1198,0.671124915234541]
[ 1199,0.671124915234541]
[ 1200,0.671124915234541]
[ 1201,0.671124915234541]
[ 1202,0.671124915234541]
[ 1203,0.671124915234541]
[ 1204,0.671124915234541]
[ 1205,0.671124915234541]
[ 1206,0.671124915234541]
[ 1207,0.671124915234541]
[ 1208,0.671124915234541]
[ 1209,0.671124915234541]
[ 1210,0.671124915234541]
[ 1211,0.671124915234541]
[ 1212,0.671124915234541]
[ 1213,0.671124915234541]
[ 1214,0.671124915234541]
[ 1215,0.671124915234541]
[ 1216,0.671124915234541]
[ 1217,0.671124915234541]
[ 1218,0.671124915234541]
[ 1219,0.671124915234541]
[ 1220,0.671124915234541]
[ 1221,0.671124915234541]
[ 1222,0.671124915234541]
[ 1223,0.671124915234541]
[ 1224,0.671124915234541]
[ 1225,0.671124915234541]
[ 1226,0.671124915234541]
[ 1227,0.671124915234541]
[ 1228,0.671124915234541]
[ 1229,0.671124915234541]
[ 1230,0.671124915234541]
[ 1231,0.671124915234541]
[ 1232,0.671124915234541]
[ 1233,0.671124915234541]
[ 1234,0.671124915234541]
[ 1235,0.671124915234541]
[ 1236,0.671124915234541]
[ 1237,0.671124915234541]
[ 1238,0.671124915234541]
[ 1239,0.671124915234541]
[ 1240,0.671124915234541]
[ 1241,0.671124915234541]
[ 1242,0.671124915234541]
[ 1243,0.671124915234541]
[ 1244,0.671124915234541]
[ 1245,0.671124915234541]
[ 1246,0.671124915234541]
[ 1247,0.671124915234541]
[ 1248,0.671124915234541]
[ 1249,0.671124915234541]
[ 1250,0.671124915234541]
[ 1251,0.671124915234541]
[ 1252,0.671124915234541]
[ 1253,0.671124915234541]
[ 1254,0.671124915234541]
[ 1255,0.671124915234541]
[ 1256,0.671124915234541]
[ 1257,0.671124915234541]
[ 1258,0.671124915234541]
[ 1259,0.671124915234541]
[ 1260,0.671124915234541]
[ 1261,0.671124915234541]
[ 1262,0.671124915234541]
[ 1263,0.671124915234541]
[ 1264,0.671124915234541]
[ 1265,0.671124915234541]
[ 1266,0.671124915234541]
[ 1267,0.671124915234541]
[ 1268,0.671124915234541]
[ 1269,0.671124915234541]
[ 1270,0.671124915234541]
[ 1271,0.671124915234541]
[ 1272,0.671124915234541]
[ 1273,0.671124915234541]
[ 1274,0.671124915234541]
[ 1275,0.671124915234541]
[ 1276,0.671124915234541]
[ 1277,0.671124915234541]
[ 1278,0.671124915234541]
[ 1279,0.671124915234541]
[ 1280,0.671124915234541]
[ 1281,0.671124915234541]
[ 1282,0.671124915234541]
[ 1283,0.671124915234541]
[ 1284,0.671124915234541]
[ 1285,0.671124915234541]
[ 1286,0.671124915234541]
[ 1287,0.671124915234541]
[ 1288,0.671124915234541]
[ 1289,0.671124915234541]
[ 1290,0.671124915234541]
[ 1291,0.671124915234541]
[ 1292,0.671124915234541]
[ 1293,0.671124915234541]
[ 1294,0.671124915234541]
[ 1295,0.671124915234541]
[ 1296,0.671124915234541]
[ 1297,0.671124915234541]
[ 1298,0.671124915234541]
[ 1299,0.671124915234541]
[ 1300,0.671124915234541]
[ 1301,0.671124915234541]
[ 1302,0.671124915234541]
[ 1303,0.671124915234541]
[ 1304,0.671124915234541]
[ 1305,0.671124915234541]
[ 1306,0.671124915234541]
[ 1307,0.671124915234541]
[ 1308,0.671124915234541]
[ 1309,0.6782847419902092]
[ 1310,0.6782847419902092]
[ 1311,0.6783660178587373]
[ 1312,0.6783660178587373]
[ 1313,0.6783660178587373]
[ 1314,0.6798211860388204]
[ 1315,0.6798211860388204]
[ 1316,0.6798211860388204]
[ 1317,0.6798211860388204]
[ 1318,0.6798211860388204]
[ 1319,0.6798211860388204]
[ 1320,0.6798211860388204]
[ 1321,0.6798211860388204]
[ 1322,0.6798211860388204]
[ 1323,0.6798211860388204]
[ 1324,0.6798211860388204]
[ 1325,0.6798211860388204]
[ 1326,0.6798211860388204]
[ 1327,0.6798211860388204]
[ 1328,0.6798211860388204]
[ 1329,0.6798211860388204]
[ 1330,0.6798211860388204]
[ 1331,0.6798211860388204]
[ 1332,0.6798211860388204]
[ 1333,0.6798211860388204]
[ 1334,0.6798211860388204]
[ 1335,0.6798211860388204]
[ 1336,0.6798211860388204]
[ 1337,0.6798211860388204]
[ 1338,0.6798211860388204]
[ 1339,0.6798211860388204]
[ 1340,0.6798211860388204]
[ 1341,0.6798211860388204]
[ 1342,0.6798211860388204]
[ 1343,0.6798211860388204]
[ 1344,0.6798211860388204]
[ 1345,0.6798211860388204]
[ 1346,0.6798211860388204]
[ 1347,0.6798211860388204]
[ 1348,0.6798211860388204]
[ 1349,0.6798211860388204]
[ 1350,0.6798211860388204]
[ 1351,0.6798211860388204]
[ 1352,0.6798211860388204]
[ 1353,0.6798211860388204]
[ 1354,0.6798211860388204]
[ 1355,0.6798211860388204]
[ 1356,0.6798211860388204]
[ 1357,0.6798211860388204]
[ 1358,0.6798211860388204]
[ 1359,0.6798211860388204]
[ 1360,0.6798211860388204]
[ 1361,0.6798211860388204]
[ 1362,0.6798211860388204]
[ 1363,0.6798211860388204]
[ 1364,0.6798211860388204]
[ 1365,0.6798211860388204]
[ 1366,0.6798211860388204]
[ 1367,0.6798211860388204]
[ 1368,0.6798211860388204]
[ 1369,0.6798211860388204]
[ 1370,0.6798211860388204]
[ 1371,0.6798211860388204]
[ 1372,0.6798211860388204]
[ 1373,0.6798211860388204]
[ 1374,0.6798211860388204]
[ 1375,0.6798211860388204]
[ 1376,0.6798211860388204]
[ 1377,0.6798211860388204]
[ 1378,0.6798211860388204]
[ 1379,0.6798211860388204]
[ 1380,0.6798211860388204]
[ 1381,0.6798211860388204]
[ 1382,0.6798211860388204]
[ 1383,0.6798211860388204]
[ 1384,0.6798211860388204]
[ 1385,0.6798211860388204]
[ 1386,0.6798211860388204]
[ 1387,0.6798211860388204]
[ 1388,0.6798211860388204]
[ 1389,0.6798211860388204]
[ 1390,0.6798211860388204]
[ 1391,0.6798211860388204]
[ 1392,0.6798211860388204]
[ 1393,0.6798211860388204]
[ 1394,0.6802940849329329]
[ 1395,0.6802940849329329]
[ 1396,0.680506211581721]
[ 1397,0.680506211581721]
[ 1398,0.680506211581721]
[ 1399,0.680506211581721]
[ 1400,0.6806801744327396]
[ 1401,0.6806801744327396]
[ 1402,0.6806801744327396]
[ 1403,0.6806801744327396]
[ 1404,0.6806801744327396]
[ 1405,0.6806801744327396]
[ 1406,0.6806801744327396]
[ 1407,0.6806801744327396]
[ 1408,0.6806801744327396]
[ 1409,0.6806801744327396]
[ 1410,0.6806801744327396]
[ 1411,0.6806801744327396]
[ 1412,0.6806801744327396]
[ 1413,0.6806801744327396]
[ 1414,0.6806801744327396]
[ 1415,0.6806801744327396]
[ 1416,0.6806801744327396]
[ 1417,0.6806801744327396]
[ 1418,0.6806801744327396]
[ 1419,0.6806801744327396]
[ 1420,0.6806801744327396]
[ 1421,0.6806801744327396]
[ 1422,0.6806801744327396]
[ 1423,0.6806801744327396]
[ 1424,0.6806801744327396]
[ 1425,0.6806801744327396]
[ 1426,0.6806801744327396]
[ 1427,0.6806801744327396]
[ 1428,0.6806801744327396]
[ 1429,0.6806801744327396]
[ 1430,0.6806801744327396]
[ 1431,0.6806801744327396]
[ 1432,0.6806801744327396]
[ 1433,0.6806801744327396]
[ 1434,0.6806801744327396]
[ 1435,0.6806801744327396]
[ 1436,0.6806801744327396]
[ 1437,0.6806801744327396]
[ 1438,0.6806801744327396]
[ 1439,0.6806801744327396]
[ 1440,0.6828221630559469]
[ 1441,0.6828221630559469]
[ 1442,0.6828221630559469]
[ 1443,0.6828221630559469]
[ 1444,0.6828221630559469]
[ 1445,0.6828221630559469]
[ 1446,0.6828957349605396]
[ 1447,0.6885157728105235]
[ 1448,0.6885157728105235]
[ 1449,0.6889430627245668]
[ 1450,0.6889430627245668]
[ 1451,0.6889975960773203]
[ 1452,0.6889975960773203]
[ 1453,0.6889975960773203]
[ 1454,0.6889975960773203]
[ 1455,0.6889975960773203]
[ 1456,0.6889975960773203]
[ 1457,0.6889975960773203]
[ 1458,0.6889975960773203]
[ 1459,0.6889975960773203]
[ 1460,0.6889975960773203]
[ 1461,0.6889975960773203]
[ 1462,0.6889975960773203]
[ 1463,0.6889975960773203]
[ 1464,0.6906258766623824]
[ 1465,0.6906258766623824]
[ 1466,0.6906986994387966]
[ 1467,0.6906986994387966]
[ 1468,0.6906986994387966]
[ 1469,0.6926213602840371]
[ 1470,0.6926213602840371]
[ 1471,0.693429865455072]
[ 1472,0.693429865455072]
[ 1473,0.693429865455072]
[ 1474,0.693429865455072]
[ 1475,0.693429865455072]
[ 1476,0.693429865455072]
[ 1477,0.693429865455072]
[ 1478,0.693429865455072]
[ 1479,0.693429865455072]
[ 1480,0.6953407629428691]
[ 1481,0.6956886874154649]
[ 1482,0.6956886874154649]
[ 1483,0.6956886874154649]
[ 1484,0.6958228800428324]
[ 1485,0.6975998103467468]
[ 1486,0.6975998103467468]
[ 1487,0.6975998103467468]
[ 1488,0.6978558371812456]
[ 1489,0.6978558371812456]
[ 1490,0.6978558371812456]
[ 1491,0.6978558371812456]
[ 1492,0.6978558371812456]
[ 1493,0.6978558371812456]
[ 1494,0.6978558371812456]
[ 1495,0.6978558371812456]
[ 1496,0.6978558371812456]
[ 1497,0.6978558371812456]
[ 1498,0.6978558371812456]
[ 1499,0.6978558371812456]
[ 1500,0.6978558371812456]
[ 1501,0.6978558371812456]
[ 1502,0.6978558371812456]
[ 1503,0.6978558371812456]
[ 1504,0.6978558371812456]
[ 1505,0.6978558371812456]
[ 1506,0.6978558371812456]
[ 1507,0.6978558371812456]
[ 1508,0.6978558371812456]
[ 1509,0.6978558371812456]
[ 1510,0.6978558371812456]
[ 1511,0.6978558371812456]
[ 1512,0.6978558371812456]
[ 1513,0.6978558371812456]
[ 1514,0.6978558371812456]
[ 1515,0.6978558371812456]
[ 1516,0.6978558371812456]
[ 1517,0.6978558371812456]
[ 1518,0.6978558371812456]
[ 1519,0.6978558371812456]
