./data/maxFitness/20191025-1-VQD1-2.txt
[ 1,0.3833785735460832]
[ 2,0.3833785735460832]
[ 3,0.3833785735460832]
[ 4,0.4074207573242552]
[ 5,0.4074207573242552]
[ 6,0.40749246457420146]
[ 7,0.4075119764599091]
[ 8,0.4075119764599091]
[ 9,0.4075119764599091]
[ 10,0.4075119764599091]
[ 11,0.4075119764599091]
[ 12,0.40758368370985537]
[ 13,0.40928529147721115]
[ 14,0.41962086669675214]
[ 15,0.41962086669675214]
[ 16,0.41962086669675214]
[ 17,0.41962086669675214]
[ 18,0.4196925739466984]
[ 19,0.42260189998866493]
[ 20,0.426858087484152]
[ 21,0.426858087484152]
[ 22,0.426858087484152]
[ 23,0.426858087484152]
[ 24,0.426858087484152]
[ 25,0.4448087986668619]
[ 26,0.4448087986668619]
[ 27,0.4448087986668619]
[ 28,0.4448087986668619]
[ 29,0.44921259267633035]
[ 30,0.4494029699632104]
[ 31,0.44951183236349007]
[ 32,0.4497076439006898]
[ 33,0.4497076439006898]
[ 34,0.4497168901987327]
[ 35,0.4499213387856628]
[ 36,0.4499213387856628]
[ 37,0.4499213387856628]
[ 38,0.4499213387856628]
[ 39,0.449938934474509]
[ 40,0.4499402330435781]
[ 41,0.44994048907169754]
[ 42,0.4499410761853647]
[ 43,0.4499414033320914]
[ 44,0.4499414033320914]
[ 45,0.4499414147155726]
[ 46,0.4499416148579735]
[ 47,0.4499416221023858]
[ 48,0.44994162411331856]
[ 49,0.449941852926695]
[ 50,0.449941852926695]
[ 51,0.44994205367512474]
[ 52,0.44994205367512474]
[ 53,0.44994206089887623]
[ 54,0.4499421027815025]
[ 55,0.4499421027815025]
[ 56,0.4499421027815025]
[ 57,0.4499421169706416]
[ 58,0.449942117856441]
[ 59,0.4499421345023759]
[ 60,0.4499421345023759]
[ 61,0.4499421345023759]
[ 62,0.4499421345023759]
[ 63,0.4499421345023759]
[ 64,0.4499421345023759]
[ 65,0.4499421345023759]
[ 66,0.4499421345023759]
[ 67,0.4499421345023759]
[ 68,0.454970623957509]
[ 69,0.454970623957509]
[ 70,0.454970623957509]
[ 71,0.454970623957509]
[ 72,0.454970623957509]
[ 73,0.454970623957509]
[ 74,0.454970623957509]
[ 75,0.454970623957509]
[ 76,0.454970623957509]
[ 77,0.454970623957509]
[ 78,0.454970623957509]
[ 79,0.454970623957509]
[ 80,0.454970623957509]
[ 81,0.454970623957509]
[ 82,0.454970623957509]
[ 83,0.454970623957509]
[ 84,0.47194117014709275]
[ 85,0.47194117014709275]
[ 86,0.47194117014709275]
[ 87,0.47194117014709275]
[ 88,0.47194117014709275]
[ 89,0.47194117014709275]
[ 90,0.47194117014709275]
[ 91,0.47194117014709275]
[ 92,0.47194117014709275]
[ 93,0.47194117014709275]
[ 94,0.47194117014709275]
[ 95,0.47194117014709275]
[ 96,0.47194117014709275]
[ 97,0.47693095554612963]
[ 98,0.47693095554612963]
[ 99,0.47693095554612963]
[ 100,0.47693095554612963]
[ 101,0.47693095554612963]
[ 102,0.47693095554612963]
[ 103,0.47693095554612963]
[ 104,0.47693095554612963]
[ 105,0.47693095554612963]
[ 106,0.47693095554612963]
[ 107,0.47693095554612963]
[ 108,0.47693095554612963]
[ 109,0.47693095554612963]
[ 110,0.47693095554612963]
[ 111,0.47693095554612963]
[ 112,0.47693095554612963]
[ 113,0.47693095554612963]
[ 114,0.47693095554612963]
[ 115,0.47693095554612963]
[ 116,0.47720058209839467]
[ 117,0.47720058209839467]
[ 118,0.47720058209839467]
[ 119,0.47720058209839467]
[ 120,0.47720058209839467]
[ 121,0.47720058209839467]
[ 122,0.47720058209839467]
[ 123,0.47720058209839467]
[ 124,0.47720058209839467]
[ 125,0.4799398751489592]
[ 126,0.4799398751489592]
[ 127,0.4799398751489592]
[ 128,0.4799398751489592]
[ 129,0.4799398751489592]
[ 130,0.48164981655978056]
[ 131,0.48164981655978056]
[ 132,0.48164981655978056]
[ 133,0.48164981655978056]
[ 134,0.48164981655978056]
[ 135,0.48461912185740036]
[ 136,0.48461912185740036]
[ 137,0.48478395379276534]
[ 138,0.48479800674147044]
[ 139,0.4848977099465965]
[ 140,0.48492734298374374]
[ 141,0.48492734298374374]
[ 142,0.48496875184575344]
[ 143,0.48496875184575344]
[ 144,0.4849761722093146]
[ 145,0.4850106973803341]
[ 146,0.48502156702940663]
[ 147,0.48507252976111903]
[ 148,0.48507252976111903]
[ 149,0.4850893262670766]
[ 150,0.4850893262670766]
[ 151,0.4850893262670766]
[ 152,0.4850893262670766]
[ 153,0.4850893262670766]
[ 154,0.4850893262670766]
[ 155,0.4851343228442019]
[ 156,0.4851343228442019]
[ 157,0.48513451113717704]
[ 158,0.48513695424049924]
[ 159,0.4851404522149883]
[ 160,0.48514046435665836]
[ 161,0.4851404869322444]
[ 162,0.4851404869322444]
[ 163,0.4851406150032083]
[ 164,0.4851406150032083]
[ 165,0.4851406209621346]
[ 166,0.4851406209621346]
[ 167,0.48514062296259125]
[ 168,0.48514062296259125]
[ 169,0.48514062481217823]
[ 170,0.48514062676194997]
[ 171,0.4851406289482303]
[ 172,0.4851406289601935]
[ 173,0.4851406289844083]
[ 174,0.4851406292199414]
[ 175,0.4851406292519306]
[ 176,0.4851406292519306]
[ 177,0.48514062949641695]
[ 178,0.48514062949641695]
[ 179,0.4851406295620116]
[ 180,0.4851406295620116]
[ 181,0.4851406295620116]
[ 182,0.4851406297534065]
[ 183,0.48555397623645435]
[ 184,0.48555397623645435]
[ 185,0.485553976297484]
[ 186,0.485553976297484]
[ 187,0.485553976297484]
[ 188,0.485553976297484]
[ 189,0.48555397634341785]
[ 190,0.48555397634341785]
[ 191,0.48555397634341785]
[ 192,0.48555397634341785]
[ 193,0.48555397634341785]
[ 194,0.4855539763448768]
[ 195,0.4855539763448768]
[ 196,0.4855539763448768]
[ 197,0.4855539763448768]
[ 198,0.4855539763448768]
[ 199,0.4855539763448768]
[ 200,0.4855539763448768]
[ 201,0.48585908064581207]
[ 202,0.48585908064581207]
[ 203,0.48585908064581207]
[ 204,0.486596207761859]
[ 205,0.486596207761859]
[ 206,0.486596207761859]
[ 207,0.486596207761859]
[ 208,0.486596207761859]
[ 209,0.486596207761859]
[ 210,0.486596207761859]
[ 211,0.486596207761859]
[ 212,0.486596207761859]
[ 213,0.486596207761859]
[ 214,0.486596207761859]
[ 215,0.486596207761859]
[ 216,0.486596207761859]
[ 217,0.486596207761859]
[ 218,0.486596207761859]
[ 219,0.486596207761859]
[ 220,0.486596207761859]
[ 221,0.486596207761859]
[ 222,0.486596207761859]
[ 223,0.486596207761859]
[ 224,0.486596207761859]
[ 225,0.48703411377599454]
[ 226,0.48703411377599454]
[ 227,0.48703411377599454]
[ 228,0.48703411377599454]
[ 229,0.48703411377599454]
[ 230,0.48703411377599454]
[ 231,0.48703411377599454]
[ 232,0.48703411377599454]
[ 233,0.48703411377599454]
[ 234,0.48703411377599454]
[ 235,0.48703411377599454]
[ 236,0.48703411377599454]
[ 237,0.48703411377599454]
[ 238,0.48703411377599454]
[ 239,0.48703411377599454]
[ 240,0.48703411377599454]
[ 241,0.48703411377599454]
[ 242,0.48703411377599454]
[ 243,0.48703411377599454]
[ 244,0.48703411377599454]
[ 245,0.48703411377599454]
[ 246,0.48703411377599454]
[ 247,0.48703411377599454]
[ 248,0.496332343558214]
[ 249,0.496332343558214]
[ 250,0.496332343558214]
[ 251,0.496332343558214]
[ 252,0.496332343558214]
[ 253,0.496332343558214]
[ 254,0.496332343558214]
[ 255,0.496332343558214]
[ 256,0.496332343558214]
[ 257,0.496332343558214]
[ 258,0.496332343558214]
[ 259,0.496332343558214]
[ 260,0.496332343558214]
[ 261,0.496332343558214]
[ 262,0.496332343558214]
[ 263,0.496332343558214]
[ 264,0.496332343558214]
[ 265,0.496332343558214]
[ 266,0.49760384282225234]
[ 267,0.49760384282225234]
[ 268,0.49760384282225234]
[ 269,0.49760384282225234]
[ 270,0.49760384282225234]
[ 271,0.49760384282225234]
[ 272,0.49760384282225234]
[ 273,0.49760384282225234]
[ 274,0.49760384282225234]
[ 275,0.49760384282225234]
[ 276,0.49760384282225234]
[ 277,0.49760384282225234]
[ 278,0.49760384282225234]
[ 279,0.49760384282225234]
[ 280,0.49880608186378683]
[ 281,0.49880608186378683]
[ 282,0.49880608186378683]
[ 283,0.49880608186378683]
[ 284,0.49880608186378683]
[ 285,0.49880608186378683]
[ 286,0.49880608186378683]
[ 287,0.49880608186378683]
[ 288,0.49880608186378683]
[ 289,0.49880608186378683]
[ 290,0.49880608186378683]
[ 291,0.49880608186378683]
[ 292,0.49880608186378683]
[ 293,0.49880608186378683]
[ 294,0.49880608186378683]
[ 295,0.4989456348365008]
[ 296,0.4989456348365008]
[ 297,0.4989456348365008]
[ 298,0.4989456348365008]
[ 299,0.4989456348365008]
[ 300,0.4989456348365008]
[ 301,0.4989456348365008]
[ 302,0.4989456348365008]
[ 303,0.4989456348365008]
[ 304,0.4989456348365008]
[ 305,0.4989456348365008]
[ 306,0.4989456348365008]
[ 307,0.4989456348365008]
[ 308,0.4989456348365008]
[ 309,0.4989456348365008]
[ 310,0.4989456348365008]
[ 311,0.4989456348365008]
[ 312,0.4989456348365008]
[ 313,0.4989456348365008]
[ 314,0.4989456348365008]
[ 315,0.4989456348365008]
[ 316,0.4989456348365008]
[ 317,0.4989456348365008]
[ 318,0.4989456348365008]
[ 319,0.4989456348365008]
[ 320,0.4989456348365008]
[ 321,0.4989456348365008]
[ 322,0.4989456348365008]
[ 323,0.4989456348365008]
[ 324,0.4989456348365008]
[ 325,0.4989456348365008]
[ 326,0.4989456348365008]
[ 327,0.4989456348365008]
[ 328,0.4989456348365008]
[ 329,0.4989456348365008]
[ 330,0.4989456348365008]
[ 331,0.4989456348365008]
[ 332,0.4989456348365008]
[ 333,0.4989456348365008]
[ 334,0.4989456348365008]
[ 335,0.4989456348365008]
[ 336,0.4989456348365008]
[ 337,0.4989456348365008]
[ 338,0.4989456348365008]
[ 339,0.4989456348365008]
[ 340,0.4989456348365008]
[ 341,0.4989456348365008]
[ 342,0.4989456348365008]
[ 343,0.4989456348365008]
[ 344,0.4989456348365008]
[ 345,0.4989456348365008]
[ 346,0.4989456348365008]
[ 347,0.4989456348365008]
[ 348,0.4989456348365008]
[ 349,0.4989456348365008]
[ 350,0.4989456348365008]
[ 351,0.4989456348365008]
[ 352,0.5001170919827286]
[ 353,0.5001170919827286]
[ 354,0.5001170919827286]
[ 355,0.5001170919827286]
[ 356,0.5001170919827286]
[ 357,0.5001170919827286]
[ 358,0.5001170919827286]
[ 359,0.5001170919827286]
[ 360,0.5001170919827286]
[ 361,0.5001170919827286]
[ 362,0.5001170919827286]
[ 363,0.5001170919827286]
[ 364,0.5001170919827286]
[ 365,0.5001170919827286]
[ 366,0.5005897928241994]
[ 367,0.5005897928241994]
[ 368,0.5005897928241994]
[ 369,0.5005897928241994]
[ 370,0.5005897928241994]
[ 371,0.5005897928241994]
[ 372,0.5005897928241994]
[ 373,0.5005897928241994]
[ 374,0.5005897928241994]
[ 375,0.5014623417841484]
[ 376,0.5014623417841484]
[ 377,0.5014623417841484]
[ 378,0.5023555808852781]
[ 379,0.5023555808852781]
[ 380,0.5023555808852781]
[ 381,0.5030753463479513]
[ 382,0.5030834742798866]
[ 383,0.5030876213219307]
[ 384,0.5030908028338542]
[ 385,0.5030908028338542]
[ 386,0.5030918324813418]
[ 387,0.5030918324813418]
[ 388,0.5030995417667022]
[ 389,0.5030995417667022]
[ 390,0.5031003494685312]
[ 391,0.5031004024988798]
[ 392,0.5031004658944316]
[ 393,0.5031008416559625]
[ 394,0.5031008914361178]
[ 395,0.5031008914361178]
[ 396,0.5031009251630405]
[ 397,0.5031009657882008]
[ 398,0.5031010030593427]
[ 399,0.5031010234224704]
[ 400,0.50310102893313]
[ 401,0.5031010944035076]
[ 402,0.5031010944035076]
[ 403,0.5031010958025861]
[ 404,0.5031011243789956]
[ 405,0.5031011243789956]
[ 406,0.5031011304651741]
[ 407,0.503101133126563]
[ 408,0.5031011351102578]
[ 409,0.5031011351102578]
[ 410,0.5031011354932228]
[ 411,0.5031011628324905]
[ 412,0.5031011633032693]
[ 413,0.5031011633032693]
[ 414,0.5031011633032693]
[ 415,0.5031011650686662]
[ 416,0.5031011650686662]
[ 417,0.5031011650686662]
[ 418,0.5031011652819907]
[ 419,0.5031011654693812]
[ 420,0.5031011664856779]
[ 421,0.5031011668411035]
[ 422,0.503101167247861]
[ 423,0.5031011684283073]
[ 424,0.5031011686306014]
[ 425,0.5031011687270233]
[ 426,0.5031011687417217]
[ 427,0.5031011687417217]
[ 428,0.5031011699060455]
[ 429,0.5031011699060455]
[ 430,0.5031011704702049]
[ 431,0.5031011706785098]
[ 432,0.5031011706824166]
[ 433,0.5031011706991155]
[ 434,0.5031011706991486]
[ 435,0.5031011707017345]
[ 436,0.5031011707175254]
[ 437,0.5031011707175254]
[ 438,0.5031011707175254]
[ 439,0.503101170719881]
[ 440,0.5031011707320986]
[ 441,0.5031011707369473]
[ 442,0.5031011707376507]
[ 443,0.5031011707376507]
[ 444,0.5031011707394959]
[ 445,0.5031011707396379]
[ 446,0.5031011707412432]
[ 447,0.5031011707427823]
[ 448,0.5031011707475744]
[ 449,0.5031011707475744]
[ 450,0.5031011707475744]
[ 451,0.503101170747715]
[ 452,0.503101170747715]
[ 453,0.503101170747715]
[ 454,0.5031011707477178]
[ 455,0.5031011707477178]
[ 456,0.5031011707477936]
[ 457,0.5031011707477936]
[ 458,0.5031011707477987]
[ 459,0.5031011707477994]
[ 460,0.5031011707478005]
[ 461,0.5031011707478005]
[ 462,0.5031011707478005]
[ 463,0.5031011707478031]
[ 464,0.5031011707478031]
[ 465,0.5031011707478031]
[ 466,0.5031011707478031]
[ 467,0.5031011707478035]
[ 468,0.5031011707478035]
[ 469,0.5031011707478035]
[ 470,0.5031011707478035]
[ 471,0.5031011707478036]
[ 472,0.5031011707478036]
[ 473,0.5040830276526387]
[ 474,0.5040830276526387]
[ 475,0.5040830276526388]
[ 476,0.504083027652639]
[ 477,0.504083027652639]
[ 478,0.504083027652639]
[ 479,0.5040830276526391]
[ 480,0.5040830276526391]
[ 481,0.5040830276526393]
[ 482,0.5040830276526393]
[ 483,0.5040830276526393]
[ 484,0.5040830276526393]
[ 485,0.5040830276526393]
[ 486,0.5040830276526393]
[ 487,0.5040830276526393]
[ 488,0.5040830276526393]
[ 489,0.5040830276526393]
[ 490,0.5040830276526393]
[ 491,0.5040830276526393]
[ 492,0.5040830276526393]
[ 493,0.5040830276526393]
[ 494,0.5040830276526393]
[ 495,0.5040830276526393]
[ 496,0.5040830276526393]
[ 497,0.5040830276526393]
[ 498,0.5040830276526393]
[ 499,0.5040830276526393]
[ 500,0.5040830276526393]
[ 501,0.5040830276526393]
[ 502,0.5040830276526393]
[ 503,0.5040830276526393]
[ 504,0.5040830276526393]
[ 505,0.5040830276526393]
[ 506,0.5040830276526393]
[ 507,0.5040830276526393]
[ 508,0.5040830276526393]
[ 509,0.5040830276526393]
[ 510,0.5040830276526393]
[ 511,0.5040830276526393]
[ 512,0.5040830276526393]
[ 513,0.5040830276526393]
[ 514,0.5040830276526393]
[ 515,0.5040830276526393]
[ 516,0.5040830276526393]
[ 517,0.5040830276526393]
[ 518,0.5040830276526393]
[ 519,0.5040830276526393]
[ 520,0.5040830276526393]
[ 521,0.5040830276526393]
[ 522,0.5040830276526393]
[ 523,0.5077173377833877]
[ 524,0.5077173377833877]
[ 525,0.5077173377833877]
[ 526,0.5077173377833877]
[ 527,0.5077173377833877]
[ 528,0.5077173377833877]
[ 529,0.5077173377833877]
[ 530,0.5077173377833877]
[ 531,0.5077173377833877]
[ 532,0.5077173377833877]
[ 533,0.5077173377833877]
[ 534,0.5077173377833877]
[ 535,0.5077173377833877]
[ 536,0.5077173377833877]
[ 537,0.5077173377833877]
[ 538,0.5077173377833877]
[ 539,0.5077173377833877]
[ 540,0.5077173377833877]
[ 541,0.5077173377833877]
[ 542,0.5077173377833877]
[ 543,0.5077173377833877]
[ 544,0.5077173377833877]
[ 545,0.5077173377833877]
[ 546,0.5077173377833877]
[ 547,0.5077173377833877]
[ 548,0.5077173377833877]
[ 549,0.5077173377833877]
[ 550,0.5077173377833877]
[ 551,0.5077173377833877]
[ 552,0.5077173377833877]
[ 553,0.5077173377833877]
[ 554,0.5077173377833877]
[ 555,0.5077173377833877]
[ 556,0.5077173377833877]
[ 557,0.5077173377833877]
[ 558,0.5077173377833877]
[ 559,0.5077173377833877]
[ 560,0.5077173377833877]
[ 561,0.5077173377833877]
[ 562,0.5077173377833877]
[ 563,0.5077173377833877]
[ 564,0.5077173377833877]
[ 565,0.5077173377833877]
[ 566,0.5077173377833877]
[ 567,0.5077173377833877]
[ 568,0.5077173377833877]
[ 569,0.5077173377833877]
[ 570,0.5077173377833877]
[ 571,0.5077173377833877]
[ 572,0.5077173377833877]
[ 573,0.5077173377833877]
[ 574,0.5077173377833877]
[ 575,0.5077173377833877]
[ 576,0.5077173377833877]
[ 577,0.5077173377833877]
[ 578,0.5077173377833877]
[ 579,0.5077173377833877]
[ 580,0.5077173377833877]
[ 581,0.5077173377833877]
[ 582,0.5077173377833877]
[ 583,0.5077173377833877]
[ 584,0.5077173377833877]
[ 585,0.5077173377833877]
[ 586,0.5077173377833877]
[ 587,0.5077173377833877]
[ 588,0.5077173377833877]
[ 589,0.5077173377833877]
[ 590,0.5077173377833877]
[ 591,0.5077173377833877]
[ 592,0.5077173377833877]
[ 593,0.5077173377833877]
[ 594,0.5077173377833877]
[ 595,0.5077173377833877]
[ 596,0.5077173377833877]
[ 597,0.5077173377833877]
[ 598,0.5077173377833877]
[ 599,0.5077173377833877]
[ 600,0.5077173377833877]
[ 601,0.5077173377833877]
[ 602,0.5077173377833877]
[ 603,0.5077173377833877]
[ 604,0.5077173377833877]
[ 605,0.5077173377833877]
[ 606,0.5077173377833877]
[ 607,0.5077173377833877]
[ 608,0.5077173377833877]
[ 609,0.5077173377833877]
[ 610,0.5077173377833877]
[ 611,0.5077173377833877]
[ 612,0.5077173377833877]
[ 613,0.5077173377833877]
[ 614,0.5077173377833877]
[ 615,0.508838231123968]
[ 616,0.508838231123968]
[ 617,0.508838231123968]
[ 618,0.508838231123968]
[ 619,0.508838231123968]
[ 620,0.508838231123968]
[ 621,0.508838231123968]
[ 622,0.508838231123968]
[ 623,0.508838231123968]
[ 624,0.508838231123968]
[ 625,0.508838231123968]
[ 626,0.508838231123968]
[ 627,0.508838231123968]
[ 628,0.508838231123968]
[ 629,0.508838231123968]
[ 630,0.508838231123968]
[ 631,0.508838231123968]
[ 632,0.508838231123968]
[ 633,0.508838231123968]
[ 634,0.508838231123968]
[ 635,0.508838231123968]
[ 636,0.508838231123968]
[ 637,0.508838231123968]
[ 638,0.508838231123968]
[ 639,0.508838231123968]
[ 640,0.508838231123968]
[ 641,0.508838231123968]
[ 642,0.508838231123968]
[ 643,0.508838231123968]
[ 644,0.508838231123968]
[ 645,0.508838231123968]
[ 646,0.508838231123968]
[ 647,0.508838231123968]
[ 648,0.508838231123968]
[ 649,0.508838231123968]
[ 650,0.508838231123968]
[ 651,0.508838231123968]
[ 652,0.508838231123968]
[ 653,0.508838231123968]
[ 654,0.508838231123968]
[ 655,0.508838231123968]
[ 656,0.508838231123968]
[ 657,0.508838231123968]
[ 658,0.508838231123968]
[ 659,0.508838231123968]
[ 660,0.508838231123968]
[ 661,0.508838231123968]
[ 662,0.508838231123968]
[ 663,0.508838231123968]
[ 664,0.508838231123968]
[ 665,0.508838231123968]
[ 666,0.508838231123968]
[ 667,0.508838231123968]
[ 668,0.508838231123968]
[ 669,0.508838231123968]
[ 670,0.508838231123968]
[ 671,0.508838231123968]
[ 672,0.508838231123968]
[ 673,0.508838231123968]
[ 674,0.508838231123968]
[ 675,0.508838231123968]
[ 676,0.5097683634832818]
[ 677,0.5097683634832818]
[ 678,0.5097683634832818]
[ 679,0.5097683634832818]
[ 680,0.5097683634832818]
[ 681,0.5097683634832818]
[ 682,0.5097683634832818]
[ 683,0.5097683634832818]
[ 684,0.5097683634832818]
[ 685,0.5097683634832818]
[ 686,0.5097683634832818]
[ 687,0.5097683634832818]
[ 688,0.5097683634832818]
[ 689,0.5097683634832818]
[ 690,0.5097683634832818]
[ 691,0.5097683634832818]
[ 692,0.5097683634832818]
[ 693,0.5097683634832818]
[ 694,0.5097683634832818]
[ 695,0.5097683634832818]
[ 696,0.5097683634832818]
[ 697,0.5097683634832818]
[ 698,0.5097683634832818]
[ 699,0.5097683634832818]
[ 700,0.5097683634832818]
[ 701,0.5097683634832818]
[ 702,0.5097683634832818]
[ 703,0.5097683634832818]
[ 704,0.5097683634832818]
[ 705,0.5097683634832818]
[ 706,0.5097683634832818]
[ 707,0.5097683634832818]
[ 708,0.5097683634832818]
[ 709,0.5097683634832818]
[ 710,0.5097683634832818]
[ 711,0.5097683634832818]
[ 712,0.5097683634832818]
[ 713,0.5097683634832818]
[ 714,0.5097683634832818]
[ 715,0.5097683634832818]
[ 716,0.5097683634832818]
[ 717,0.5097683634832818]
[ 718,0.5097683634832818]
[ 719,0.5097683634832818]
[ 720,0.5097683634832818]
[ 721,0.5097683634832818]
[ 722,0.5097683634832818]
[ 723,0.5097683634832818]
[ 724,0.5097683634832818]
[ 725,0.5097683634832818]
[ 726,0.5097683634832818]
[ 727,0.5097683634832818]
[ 728,0.5097683634832818]
[ 729,0.5097683634832818]
[ 730,0.5097683634832818]
[ 731,0.5097683634832818]
[ 732,0.5097683634832818]
[ 733,0.5097683634832818]
[ 734,0.5097683634832818]
[ 735,0.5097683634832818]
[ 736,0.5097683634832818]
[ 737,0.5097683634832818]
[ 738,0.5097683634832818]
[ 739,0.5097683634832818]
[ 740,0.5097683634832818]
[ 741,0.5097683634832818]
[ 742,0.5099781507974802]
[ 743,0.5099781507974802]
[ 744,0.5099781507974802]
[ 745,0.5099781507974802]
[ 746,0.5099781507974802]
[ 747,0.5099781507974802]
[ 748,0.5099781507974802]
[ 749,0.5099781507974802]
[ 750,0.5099781507974802]
[ 751,0.5099781507974802]
[ 752,0.5099781507974802]
[ 753,0.5099781507974802]
[ 754,0.5099781507974802]
[ 755,0.5099781507974802]
[ 756,0.5099781507974802]
[ 757,0.5099781507974802]
[ 758,0.5099781507974802]
[ 759,0.5099781507974802]
[ 760,0.5099781507974802]
[ 761,0.5099781507974802]
[ 762,0.5099781507974802]
[ 763,0.5099781507974802]
[ 764,0.5099781507974802]
[ 765,0.5099781507974802]
[ 766,0.5099781507974802]
[ 767,0.5099781507974802]
[ 768,0.5099781507974802]
[ 769,0.5099781507974802]
[ 770,0.5099781507974802]
[ 771,0.5099781507974802]
[ 772,0.5099781507974802]
[ 773,0.5099781507974802]
[ 774,0.5099781507974802]
[ 775,0.5099781507974802]
[ 776,0.5099781507974802]
[ 777,0.5099781507974802]
[ 778,0.5099781507974802]
[ 779,0.5099781507974802]
[ 780,0.5099781507974802]
[ 781,0.5099781507974802]
[ 782,0.5099781507974802]
[ 783,0.5099781507974802]
[ 784,0.5099781507974802]
[ 785,0.5099781507974802]
[ 786,0.5099781507974802]
[ 787,0.5099781507974802]
[ 788,0.5099781507974802]
[ 789,0.5099781507974802]
[ 790,0.5099781507974802]
[ 791,0.5099781507974802]
[ 792,0.5099781507974802]
[ 793,0.5099781507974802]
[ 794,0.5099781507974802]
[ 795,0.5099781507974802]
[ 796,0.5099781507974802]
[ 797,0.5099781507974802]
[ 798,0.5099781507974802]
[ 799,0.5099781507974802]
[ 800,0.5099781507974802]
[ 801,0.5099781507974802]
[ 802,0.5099781507974802]
[ 803,0.5099781507974802]
[ 804,0.5099781507974802]
[ 805,0.5099781507974802]
[ 806,0.5099781507974802]
[ 807,0.5099781507974802]
[ 808,0.5099781507974802]
[ 809,0.5099781507974802]
[ 810,0.5099781507974802]
[ 811,0.5099781507974802]
[ 812,0.5099781507974802]
[ 813,0.5099781507974802]
[ 814,0.5099781507974802]
[ 815,0.5099781507974802]
[ 816,0.5099781507974802]
[ 817,0.5099781507974802]
[ 818,0.5099781507974802]
[ 819,0.5099781507974802]
[ 820,0.5099781507974802]
[ 821,0.5099781507974802]
[ 822,0.5099781507974802]
[ 823,0.5099781507974802]
[ 824,0.5099781507974802]
[ 825,0.5099781507974802]
[ 826,0.5099781507974802]
[ 827,0.5099781507974802]
[ 828,0.5099781507974802]
[ 829,0.5099781507974802]
[ 830,0.5099781507974802]
[ 831,0.5099781507974802]
[ 832,0.5099781507974802]
[ 833,0.5099939948599229]
[ 834,0.5099939948599229]
[ 835,0.5099939948599229]
[ 836,0.5099939948599229]
[ 837,0.5099939948599229]
[ 838,0.5099939948599229]
[ 839,0.5099939948599229]
[ 840,0.5099939948599229]
[ 841,0.5099939948599229]
[ 842,0.5099939948599229]
[ 843,0.5099939948599229]
[ 844,0.5099939948599229]
[ 845,0.5099939948599229]
[ 846,0.5099939948599229]
[ 847,0.5099939948599229]
[ 848,0.5099939948599229]
[ 849,0.5099939948599229]
[ 850,0.5099939948599229]
[ 851,0.5099939948599229]
[ 852,0.5099939948599229]
[ 853,0.5099939948599229]
[ 854,0.5099939948599229]
[ 855,0.5099939948599229]
[ 856,0.5099939948599229]
[ 857,0.5099939948599229]
[ 858,0.5099939948599229]
[ 859,0.5099939948599229]
[ 860,0.5099939948599229]
[ 861,0.5099939948599229]
[ 862,0.5099939948599229]
[ 863,0.5099939948599229]
[ 864,0.5099939948599229]
[ 865,0.5099939948599229]
[ 866,0.5099939948599229]
[ 867,0.5099939948599229]
[ 868,0.5099939948599229]
[ 869,0.5099939948599229]
[ 870,0.5099939948599229]
[ 871,0.5099939948599229]
[ 872,0.5099939948599229]
[ 873,0.5099939948599229]
[ 874,0.5099939948599229]
[ 875,0.5099939948599229]
[ 876,0.5099939948599229]
[ 877,0.5099939948599229]
[ 878,0.5099939948599229]
[ 879,0.5099939948599229]
[ 880,0.5099939948599229]
[ 881,0.5099939948599229]
[ 882,0.5099939948599229]
[ 883,0.5099939948599229]
[ 884,0.5099939948599229]
[ 885,0.5099939948599229]
[ 886,0.5099939948599229]
[ 887,0.5099939948599229]
[ 888,0.5099939948599229]
[ 889,0.5099939948599229]
[ 890,0.5099939948599229]
[ 891,0.5099939948599229]
[ 892,0.5099939948599229]
[ 893,0.5099939948599229]
[ 894,0.5099939948599229]
[ 895,0.5099939948599229]
[ 896,0.5099939948599229]
[ 897,0.5099939948599229]
[ 898,0.5099939948599229]
[ 899,0.5099939948599229]
[ 900,0.5099939948599229]
[ 901,0.5099939948599229]
[ 902,0.5099939948599229]
[ 903,0.5099939948599229]
[ 904,0.5099939948599229]
[ 905,0.5099939948599229]
[ 906,0.5099939948599229]
[ 907,0.5099939948599229]
[ 908,0.5099939948599229]
[ 909,0.5099939948599229]
[ 910,0.5099939948599229]
[ 911,0.5099939948599229]
[ 912,0.5099939948599229]
[ 913,0.5099939948599229]
[ 914,0.5099939948599229]
[ 915,0.5099939948599229]
[ 916,0.5099939948599229]
[ 917,0.5099939948599229]
[ 918,0.5099939948599229]
[ 919,0.5099939948599229]
[ 920,0.5099939948599229]
[ 921,0.5099939948599229]
[ 922,0.5099939948599229]
[ 923,0.5099939948599229]
[ 924,0.5099939948599229]
[ 925,0.5099939948599229]
[ 926,0.5099939948599229]
[ 927,0.5099939948599229]
[ 928,0.5099939948599229]
[ 929,0.5099939948599229]
[ 930,0.5099939948599229]
[ 931,0.5099939948599229]
[ 932,0.5099939948599229]
[ 933,0.5099939948599229]
[ 934,0.5099939948599229]
[ 935,0.5099939948599229]
[ 936,0.5099939948599229]
[ 937,0.5099939948599229]
[ 938,0.5099939948599229]
[ 939,0.5099939948599229]
[ 940,0.5099939948599229]
[ 941,0.5099939948599229]
[ 942,0.5101092391847034]
[ 943,0.5101092391847034]
[ 944,0.5101092391847034]
[ 945,0.5101092391847034]
[ 946,0.5101092391847034]
[ 947,0.5101092391847034]
[ 948,0.5101092391847034]
[ 949,0.5101092391847034]
[ 950,0.5101092391847034]
[ 951,0.5101092391847034]
[ 952,0.5101092391847034]
[ 953,0.5101092391847034]
[ 954,0.5101092391847034]
[ 955,0.5101092391847034]
[ 956,0.5101092391847034]
[ 957,0.5101092391847034]
[ 958,0.5101092391847034]
[ 959,0.5101092391847034]
[ 960,0.5101092391847034]
[ 961,0.5101092391847034]
[ 962,0.5101092391847034]
[ 963,0.5101092391847034]
[ 964,0.5101092391847034]
[ 965,0.5101092391847034]
[ 966,0.5101092391847034]
[ 967,0.5101092391847034]
[ 968,0.5101092391847034]
[ 969,0.5101092391847034]
[ 970,0.5101092391847034]
[ 971,0.5101092391847034]
[ 972,0.5101092391847034]
[ 973,0.5101092391847034]
[ 974,0.5101092391847034]
[ 975,0.5101092391847034]
[ 976,0.5101092391847034]
[ 977,0.5101092391847034]
[ 978,0.5101092391847034]
[ 979,0.5101092391847034]
[ 980,0.5101092391847034]
[ 981,0.5101092391847034]
[ 982,0.5101092391847034]
[ 983,0.5101092391847034]
[ 984,0.5101092391847034]
[ 985,0.5101092391847034]
[ 986,0.5101092391847034]
[ 987,0.5101092391847034]
[ 988,0.5101092391847034]
[ 989,0.5101092391847034]
[ 990,0.5101092391847034]
[ 991,0.5101092391847034]
[ 992,0.5101092391847034]
[ 993,0.5101092391847034]
[ 994,0.5101092391847034]
[ 995,0.5101092391847034]
[ 996,0.5101092391847034]
[ 997,0.5101092391847034]
[ 998,0.5101092391847034]
[ 999,0.5101092391847034]
[ 1000,0.5101092391847034]
[ 1001,0.5101092391847034]
[ 1002,0.5101092391847034]
[ 1003,0.5101092391847034]
[ 1004,0.5101092391847034]
[ 1005,0.5101092391847034]
[ 1006,0.5101092391847034]
[ 1007,0.5101092391847034]
[ 1008,0.5101092391847034]
[ 1009,0.5101092391847034]
[ 1010,0.5101092391847034]
[ 1011,0.5101092391847034]
[ 1012,0.5101092391847034]
[ 1013,0.5101092391847034]
[ 1014,0.5101092391847034]
[ 1015,0.5101092391847034]
[ 1016,0.5101092391847034]
[ 1017,0.5101092391847034]
[ 1018,0.5101092391847034]
[ 1019,0.5101092391847034]
[ 1020,0.5101092391847034]
[ 1021,0.5101092391847034]
[ 1022,0.5101092391847034]
[ 1023,0.5101092391847034]
[ 1024,0.5101092391847034]
[ 1025,0.5101092391847034]
[ 1026,0.5101092391847034]
[ 1027,0.5101092391847034]
[ 1028,0.5101092391847034]
[ 1029,0.5101092391847034]
[ 1030,0.5101092391847034]
[ 1031,0.5101092391847034]
[ 1032,0.5101092391847034]
[ 1033,0.5101092391847034]
[ 1034,0.5101092391847034]
[ 1035,0.5101092391847034]
[ 1036,0.5101092391847034]
[ 1037,0.5101092391847034]
[ 1038,0.5101092391847034]
[ 1039,0.5101092391847034]
[ 1040,0.5101092391847034]
[ 1041,0.5101092391847034]
[ 1042,0.5101092391847034]
[ 1043,0.5101092391847034]
[ 1044,0.5101092391847034]
[ 1045,0.5101092391847034]
[ 1046,0.5101092391847034]
[ 1047,0.5101092391847034]
[ 1048,0.5101092391847034]
[ 1049,0.5101092391847034]
[ 1050,0.5101092391847034]
[ 1051,0.5101092391847034]
[ 1052,0.5101092391847034]
[ 1053,0.5101092391847034]
[ 1054,0.5101092391847034]
[ 1055,0.5101092391847034]
[ 1056,0.5101092391847034]
[ 1057,0.5101092391847034]
[ 1058,0.5101092391847034]
[ 1059,0.5101092391847034]
[ 1060,0.5101092391847034]
[ 1061,0.5101092391847034]
[ 1062,0.5101092391847034]
[ 1063,0.5101092391847034]
[ 1064,0.5101092391847034]
[ 1065,0.5101092391847034]
[ 1066,0.5101092391847034]
[ 1067,0.5101092391847034]
[ 1068,0.5101092391847034]
[ 1069,0.5101092391847034]
[ 1070,0.5101092391847034]
[ 1071,0.5101092391847034]
[ 1072,0.5106076660187244]
[ 1073,0.5106076660187244]
[ 1074,0.5106076660187244]
[ 1075,0.5106076660187244]
[ 1076,0.5106076660187244]
[ 1077,0.5106076660187244]
[ 1078,0.5106076660187244]
[ 1079,0.5106076660187244]
[ 1080,0.5106076660187244]
[ 1081,0.5106076660187244]
[ 1082,0.5106076660187244]
[ 1083,0.5106076660187244]
[ 1084,0.5106076660187244]
[ 1085,0.5106076660187244]
[ 1086,0.5106076660187244]
[ 1087,0.5106076660187244]
[ 1088,0.5106076660187244]
[ 1089,0.5106076660187244]
[ 1090,0.5106076660187244]
[ 1091,0.5106076660187244]
[ 1092,0.5106076660187244]
[ 1093,0.5106076660187244]
[ 1094,0.5106076660187244]
[ 1095,0.5106076660187244]
[ 1096,0.5106076660187244]
[ 1097,0.5106076660187244]
[ 1098,0.5106076660187244]
[ 1099,0.5106076660187244]
[ 1100,0.5106076660187244]
[ 1101,0.5106076660187244]
[ 1102,0.5106076660187244]
[ 1103,0.5106076660187244]
[ 1104,0.5106076660187244]
[ 1105,0.5106076660187244]
[ 1106,0.5106076660187244]
[ 1107,0.5106076660187244]
[ 1108,0.5106076660187244]
[ 1109,0.5106076660187244]
[ 1110,0.5106076660187244]
[ 1111,0.5106076660187244]
[ 1112,0.5106076660187244]
[ 1113,0.5106076660187244]
[ 1114,0.5106076660187244]
[ 1115,0.5106076660187244]
[ 1116,0.5106076660187244]
[ 1117,0.5106076660187244]
[ 1118,0.5106076660187244]
[ 1119,0.5106076660187244]
[ 1120,0.5106076660187244]
[ 1121,0.5106076660187244]
[ 1122,0.5106076660187244]
[ 1123,0.5106076660187244]
[ 1124,0.5106076660187244]
[ 1125,0.5106076660187244]
[ 1126,0.5106076660187244]
[ 1127,0.5106076660187244]
[ 1128,0.5106076660187244]
[ 1129,0.5106076660187244]
[ 1130,0.5106076660187244]
[ 1131,0.5106076660187244]
[ 1132,0.5106076660187244]
[ 1133,0.5106076660187244]
[ 1134,0.5106076660187244]
[ 1135,0.5106076660187244]
[ 1136,0.5106076660187244]
[ 1137,0.5106076660187244]
[ 1138,0.5106076660187244]
[ 1139,0.5106076660187244]
[ 1140,0.5106076660187244]
[ 1141,0.5106076660187244]
[ 1142,0.5106076660187244]
[ 1143,0.5106076660187244]
[ 1144,0.5106076660187244]
[ 1145,0.5106076660187244]
[ 1146,0.5106076660187244]
[ 1147,0.5106076660187244]
[ 1148,0.5106076660187244]
[ 1149,0.5106076660187244]
[ 1150,0.5106076660187244]
[ 1151,0.5106076660187244]
[ 1152,0.5106076660187244]
[ 1153,0.5106076660187244]
[ 1154,0.5106076660187244]
[ 1155,0.5106076660187244]
[ 1156,0.5106076660187244]
[ 1157,0.5106076660187244]
[ 1158,0.5106076660187244]
[ 1159,0.5106076660187244]
[ 1160,0.5106076660187244]
[ 1161,0.5106076660187244]
[ 1162,0.5106076660187244]
[ 1163,0.5106076660187244]
[ 1164,0.5106076660187244]
[ 1165,0.5106076660187244]
[ 1166,0.5106076660187244]
[ 1167,0.5106076660187244]
[ 1168,0.5106076660187244]
[ 1169,0.5106076660187244]
[ 1170,0.5106076660187244]
[ 1171,0.5106076660187244]
[ 1172,0.5106076660187244]
[ 1173,0.5106076660187244]
[ 1174,0.5106076660187244]
[ 1175,0.5106076660187244]
[ 1176,0.5106076660187244]
[ 1177,0.5106076660187244]
[ 1178,0.5106076660187244]
[ 1179,0.5106076660187244]
[ 1180,0.5106076660187244]
[ 1181,0.5106076660187244]
[ 1182,0.5106076660187244]
[ 1183,0.5106076660187244]
[ 1184,0.5106076660187244]
[ 1185,0.5106076660187244]
[ 1186,0.5106076660187244]
[ 1187,0.5106076660187244]
[ 1188,0.5106076660187244]
[ 1189,0.5106076660187244]
[ 1190,0.5106076660187244]
[ 1191,0.5106076660187244]
[ 1192,0.5106076660187244]
[ 1193,0.5106076660187244]
[ 1194,0.5106076660187244]
[ 1195,0.5106076660187244]
[ 1196,0.5106076660187244]
[ 1197,0.5106076660187244]
[ 1198,0.5106076660187244]
[ 1199,0.5106076660187244]
[ 1200,0.5106076660187244]
[ 1201,0.5106076660187244]
[ 1202,0.5106076660187244]
[ 1203,0.5106076660187244]
[ 1204,0.5106076660187244]
[ 1205,0.5106076660187244]
[ 1206,0.5106076660187244]
[ 1207,0.5106076660187244]
[ 1208,0.5106076660187244]
[ 1209,0.5106076660187244]
[ 1210,0.5106076660187244]
[ 1211,0.5106076660187244]
[ 1212,0.5106076660187244]
[ 1213,0.5106076660187244]
[ 1214,0.5106076660187244]
[ 1215,0.5106076660187244]
[ 1216,0.5106076660187244]
[ 1217,0.5106076660187244]
[ 1218,0.5106076660187244]
[ 1219,0.5106076660187244]
[ 1220,0.5106076660187244]
[ 1221,0.5106076660187244]
[ 1222,0.5106076660187244]
[ 1223,0.5106076660187244]
[ 1224,0.5106076660187244]
[ 1225,0.5106076660187244]
[ 1226,0.5106076660187244]
[ 1227,0.5106076660187244]
[ 1228,0.5106076660187244]
[ 1229,0.5106076660187244]
[ 1230,0.5106076660187244]
[ 1231,0.5106076660187244]
[ 1232,0.5106076660187244]
[ 1233,0.5106076660187244]
[ 1234,0.5106076660187244]
[ 1235,0.5106076660187244]
[ 1236,0.5106076660187244]
[ 1237,0.5106076660187244]
[ 1238,0.5106076660187244]
[ 1239,0.5106076660187244]
[ 1240,0.5106076660187244]
[ 1241,0.5106076660187244]
[ 1242,0.5106076660187244]
[ 1243,0.5106076660187244]
[ 1244,0.5106076660187244]
[ 1245,0.5106076660187244]
[ 1246,0.5106076660187244]
[ 1247,0.5106076660187244]
[ 1248,0.5106076660187244]
[ 1249,0.5106076660187244]
[ 1250,0.5106076660187244]
[ 1251,0.5106076660187244]
[ 1252,0.5106076660187244]
[ 1253,0.5106076660187244]
[ 1254,0.5106076660187244]
[ 1255,0.5106076660187244]
[ 1256,0.5106076660187244]
[ 1257,0.5106076660187244]
[ 1258,0.5106076660187244]
[ 1259,0.5106076660187244]
[ 1260,0.5106076660187244]
[ 1261,0.5106076660187244]
[ 1262,0.5106076660187244]
[ 1263,0.5106076660187244]
[ 1264,0.5106076660187244]
[ 1265,0.5106076660187244]
[ 1266,0.5106076660187244]
[ 1267,0.5106076660187244]
[ 1268,0.5106076660187244]
[ 1269,0.5106076660187244]
[ 1270,0.5106076660187244]
[ 1271,0.5106076660187244]
[ 1272,0.5106076660187244]
[ 1273,0.5106076660187244]
[ 1274,0.5106076660187244]
[ 1275,0.5106076660187244]
[ 1276,0.5106076660187244]
[ 1277,0.5106076660187244]
[ 1278,0.5106076660187244]
[ 1279,0.5106076660187244]
[ 1280,0.5106076660187244]
[ 1281,0.5106076660187244]
[ 1282,0.5106076660187244]
[ 1283,0.5106076660187244]
[ 1284,0.5106076660187244]
[ 1285,0.5106076660187244]
[ 1286,0.5106076660187244]
[ 1287,0.5106076660187244]
[ 1288,0.5106076660187244]
[ 1289,0.5106076660187244]
[ 1290,0.5106076660187244]
[ 1291,0.5106076660187244]
[ 1292,0.5106076660187244]
[ 1293,0.5106076660187244]
[ 1294,0.5106076660187244]
[ 1295,0.5106076660187244]
[ 1296,0.5106076660187244]
[ 1297,0.5106076660187244]
[ 1298,0.5106076660187244]
[ 1299,0.5106076660187244]
[ 1300,0.5106076660187244]
[ 1301,0.5106076660187244]
[ 1302,0.5106076660187244]
[ 1303,0.5106076660187244]
[ 1304,0.5106076660187244]
[ 1305,0.5106076660187244]
[ 1306,0.5106076660187244]
[ 1307,0.5106076660187244]
[ 1308,0.5106076660187244]
[ 1309,0.5106076660187244]
[ 1310,0.5106076660187244]
[ 1311,0.5106076660187244]
[ 1312,0.5106076660187244]
[ 1313,0.5106076660187244]
[ 1314,0.5106076660187244]
[ 1315,0.5106076660187244]
[ 1316,0.5106076660187244]
[ 1317,0.5106076660187244]
[ 1318,0.5106076660187244]
[ 1319,0.5106076660187244]
[ 1320,0.5106076660187244]
[ 1321,0.5106076660187244]
[ 1322,0.5106076660187244]
[ 1323,0.5106076660187244]
[ 1324,0.5106076660187244]
[ 1325,0.5106076660187244]
[ 1326,0.5106076660187244]
[ 1327,0.5106076660187244]
[ 1328,0.5106076660187244]
[ 1329,0.5106076660187244]
[ 1330,0.5106076660187244]
[ 1331,0.5106076660187244]
[ 1332,0.5106076660187244]
[ 1333,0.5106076660187244]
[ 1334,0.5106076660187244]
[ 1335,0.5106076660187244]
[ 1336,0.5106076660187244]
[ 1337,0.5106076660187244]
[ 1338,0.5106076660187244]
[ 1339,0.5106076660187244]
[ 1340,0.5106076660187244]
[ 1341,0.5106076660187244]
[ 1342,0.5106076660187244]
[ 1343,0.5106076660187244]
[ 1344,0.5106076660187244]
[ 1345,0.5106076660187244]
[ 1346,0.5106076660187244]
[ 1347,0.5106076660187244]
[ 1348,0.5106076660187244]
[ 1349,0.5106076660187244]
[ 1350,0.5106076660187244]
[ 1351,0.5106076660187244]
[ 1352,0.5106076660187244]
[ 1353,0.5106076660187244]
[ 1354,0.5106076660187244]
[ 1355,0.5106076660187244]
[ 1356,0.5106076660187244]
[ 1357,0.5106076660187244]
[ 1358,0.5106076660187244]
[ 1359,0.5106076660187244]
[ 1360,0.5106076660187244]
[ 1361,0.5106076660187244]
[ 1362,0.5106076660187244]
[ 1363,0.5106076660187244]
[ 1364,0.5106076660187244]
[ 1365,0.5106076660187244]
[ 1366,0.5106076660187244]
[ 1367,0.5106076660187244]
[ 1368,0.5106076660187244]
[ 1369,0.5106076660187244]
[ 1370,0.5106076660187244]
[ 1371,0.5106076660187244]
[ 1372,0.5106076660187244]
[ 1373,0.5106076660187244]
[ 1374,0.5106076660187244]
[ 1375,0.5106076660187244]
[ 1376,0.5106076660187244]
[ 1377,0.5106076660187244]
[ 1378,0.5106076660187244]
[ 1379,0.5106076660187244]
[ 1380,0.5106076660187244]
[ 1381,0.5106076660187244]
[ 1382,0.5106076660187244]
[ 1383,0.5106076660187244]
[ 1384,0.5106076660187244]
[ 1385,0.5106076660187244]
[ 1386,0.5106076660187244]
[ 1387,0.5106076660187244]
[ 1388,0.5106076660187244]
[ 1389,0.5106076660187244]
[ 1390,0.5106076660187244]
[ 1391,0.5106076660187244]
[ 1392,0.5106076660187244]
[ 1393,0.5106076660187244]
[ 1394,0.5106076660187244]
[ 1395,0.5106076660187244]
[ 1396,0.5106076660187244]
[ 1397,0.5106076660187244]
[ 1398,0.5106076660187244]
[ 1399,0.5106076660187244]
[ 1400,0.5106076660187244]
[ 1401,0.5106076660187244]
[ 1402,0.5106076660187244]
[ 1403,0.5106076660187244]
[ 1404,0.5106076660187244]
[ 1405,0.5106076660187244]
[ 1406,0.5106076660187244]
[ 1407,0.5106076660187244]
[ 1408,0.5106076660187244]
[ 1409,0.5106076660187244]
[ 1410,0.5106076660187244]
[ 1411,0.5106076660187244]
[ 1412,0.5106076660187244]
[ 1413,0.5106076660187244]
[ 1414,0.5106076660187244]
[ 1415,0.5106076660187244]
[ 1416,0.5106076660187244]
[ 1417,0.5106076660187244]
[ 1418,0.5106076660187244]
[ 1419,0.5106076660187244]
[ 1420,0.5106076660187244]
[ 1421,0.5106076660187244]
[ 1422,0.5106076660187244]
[ 1423,0.5106076660187244]
[ 1424,0.5106076660187244]
[ 1425,0.5106076660187244]
[ 1426,0.5106076660187244]
[ 1427,0.5106076660187244]
[ 1428,0.5106076660187244]
[ 1429,0.5106076660187244]
[ 1430,0.5106076660187244]
[ 1431,0.5106076660187244]
[ 1432,0.5106076660187244]
[ 1433,0.5106076660187244]
[ 1434,0.5106076660187244]
[ 1435,0.5106076660187244]
[ 1436,0.5106076660187244]
[ 1437,0.5106076660187244]
[ 1438,0.5106076660187244]
[ 1439,0.5106076660187244]
[ 1440,0.5106076660187244]
[ 1441,0.5106076660187244]
[ 1442,0.5106076660187244]
[ 1443,0.5106076660187244]
[ 1444,0.5106076660187244]
[ 1445,0.5106076660187244]
[ 1446,0.5106076660187244]
[ 1447,0.5106076660187244]
[ 1448,0.5106076660187244]
[ 1449,0.5106076660187244]
[ 1450,0.5106076660187244]
[ 1451,0.5106076660187244]
[ 1452,0.5106076660187244]
[ 1453,0.5106076660187244]
[ 1454,0.5106076660187244]
[ 1455,0.5106076660187244]
[ 1456,0.5106076660187244]
[ 1457,0.5106076660187244]
[ 1458,0.5106076660187244]
[ 1459,0.5106076660187244]
[ 1460,0.5106076660187244]
[ 1461,0.5106076660187244]
[ 1462,0.5106076660187244]
[ 1463,0.5106076660187244]
[ 1464,0.5106076660187244]
[ 1465,0.5106076660187244]
[ 1466,0.5106076660187244]
[ 1467,0.5106076660187244]
[ 1468,0.5106076660187244]
[ 1469,0.5106076660187244]
[ 1470,0.5106076660187244]
[ 1471,0.5106076660187244]
[ 1472,0.5106076660187244]
[ 1473,0.5106076660187244]
[ 1474,0.5106076660187244]
[ 1475,0.5106076660187244]
[ 1476,0.5106076660187244]
[ 1477,0.5106076660187244]
[ 1478,0.5106076660187244]
[ 1479,0.5106076660187244]
[ 1480,0.5106076660187244]
[ 1481,0.5106076660187244]
[ 1482,0.5106076660187244]
[ 1483,0.5106076660187244]
[ 1484,0.5106076660187244]
[ 1485,0.5106076660187244]
[ 1486,0.5106076660187244]
[ 1487,0.5106076660187244]
[ 1488,0.5106076660187244]
[ 1489,0.5106076660187244]
[ 1490,0.5106076660187244]
[ 1491,0.5106076660187244]
[ 1492,0.5106076660187244]
[ 1493,0.5106076660187244]
[ 1494,0.5106076660187244]
[ 1495,0.5106076660187244]
[ 1496,0.5106076660187244]
[ 1497,0.5106076660187244]
[ 1498,0.5106076660187244]
[ 1499,0.5106076660187244]
[ 1500,0.5106076660187244]
[ 1501,0.5106076660187244]
[ 1502,0.5106076660187244]
[ 1503,0.5106076660187244]
[ 1504,0.5106076660187244]
[ 1505,0.5106076660187244]
[ 1506,0.5106076660187244]
[ 1507,0.5106076660187244]
[ 1508,0.5106076660187244]
[ 1509,0.5106076660187244]
[ 1510,0.5106076660187244]
[ 1511,0.5106076660187244]
[ 1512,0.5106076660187244]
[ 1513,0.5106076660187244]
[ 1514,0.5106076660187244]
[ 1515,0.5106076660187244]
[ 1516,0.5106076660187244]
[ 1517,0.5106076660187244]
[ 1518,0.5106076660187244]
[ 1519,0.5106076660187244]
[ 1520,0.5106076660187244]
[ 1521,0.5106076660187244]
[ 1522,0.5106076660187244]
[ 1523,0.5106076660187244]
[ 1524,0.5106076660187244]
[ 1525,0.5106076660187244]
[ 1526,0.5106076660187244]
[ 1527,0.5106076660187244]
[ 1528,0.5106076660187244]
[ 1529,0.5109055720121212]
[ 1530,0.5109055720121212]
[ 1531,0.5109055720121212]
[ 1532,0.5109055720121212]
[ 1533,0.5109055720121212]
[ 1534,0.5109055720121212]
[ 1535,0.5109055720121212]
[ 1536,0.5109055720121212]
[ 1537,0.5109055720121212]
[ 1538,0.5109055720121212]
[ 1539,0.5109055720121212]
[ 1540,0.5109055720121212]
[ 1541,0.5109055720121212]
[ 1542,0.5109055720121212]
[ 1543,0.5109055720121212]
[ 1544,0.5109055720121212]
[ 1545,0.5119665697562241]
[ 1546,0.5119665697562241]
[ 1547,0.5119665697562241]
[ 1548,0.5119665697562241]
[ 1549,0.5119665697562241]
[ 1550,0.5119665697562241]
[ 1551,0.5119665697562241]
[ 1552,0.5119665697562241]
[ 1553,0.5119665697562241]
[ 1554,0.5119665697562241]
[ 1555,0.5119665697562241]
[ 1556,0.5119665697562241]
[ 1557,0.5119665697562241]
[ 1558,0.5119665697562241]
[ 1559,0.5119665697562241]
[ 1560,0.5119665697562241]
[ 1561,0.5119665697562241]
[ 1562,0.5119665697562241]
[ 1563,0.5119665697562241]
[ 1564,0.5119665697562241]
[ 1565,0.5119665697562241]
[ 1566,0.5119665697562241]
[ 1567,0.5119665697562241]
[ 1568,0.5119665697562241]
[ 1569,0.5119665697562241]
[ 1570,0.5119665697562241]
[ 1571,0.5119665697562241]
[ 1572,0.5119665697562241]
[ 1573,0.5119665697562241]
[ 1574,0.5119665697562241]
[ 1575,0.5119665697562241]
[ 1576,0.5119665697562241]
[ 1577,0.5119665697562241]
[ 1578,0.5119665697562241]
[ 1579,0.5119665697562241]
[ 1580,0.5119665697562241]
[ 1581,0.5119665697562241]
[ 1582,0.5119665697562241]
[ 1583,0.5119665697562241]
[ 1584,0.5119665697562241]
[ 1585,0.5119665697562241]
[ 1586,0.5119665697562241]
[ 1587,0.5119665697562241]
[ 1588,0.5119665697562241]
[ 1589,0.5119665697562241]
[ 1590,0.5119665697562241]
[ 1591,0.5119665697562241]
[ 1592,0.5119665697562241]
[ 1593,0.5119665697562241]
[ 1594,0.5119665697562241]
[ 1595,0.5119665697562241]
[ 1596,0.5119665697562241]
[ 1597,0.5119665697562241]
[ 1598,0.5119665697562241]
[ 1599,0.5119665697562241]
[ 1600,0.5119665697562241]
[ 1601,0.5119665697562241]
[ 1602,0.5119665697562241]
[ 1603,0.5119665697562241]
[ 1604,0.5119665697562241]
[ 1605,0.5119665697562241]
[ 1606,0.5119665697562241]
[ 1607,0.5119665697562241]
[ 1608,0.5119665697562241]
[ 1609,0.5119665697562241]
[ 1610,0.5119665697562241]
[ 1611,0.5119665697562241]
[ 1612,0.5119665697562241]
[ 1613,0.5119665697562241]
[ 1614,0.5119665697562241]
[ 1615,0.5119665697562241]
[ 1616,0.5119665697562241]
[ 1617,0.5119665697562241]
[ 1618,0.5119665697562241]
[ 1619,0.5119665697562241]
[ 1620,0.5119665697562241]
[ 1621,0.5119665697562241]
[ 1622,0.5119665697562241]
[ 1623,0.5119665697562241]
[ 1624,0.5119665697562241]
[ 1625,0.5119665697562241]
[ 1626,0.5119665697562241]
[ 1627,0.5119665697562241]
[ 1628,0.5119665697562241]
[ 1629,0.5119665697562241]
[ 1630,0.5119665697562241]
[ 1631,0.5119665697562241]
[ 1632,0.5119665697562241]
[ 1633,0.5119665697562241]
[ 1634,0.5119665697562241]
[ 1635,0.5119665697562241]
[ 1636,0.5119665697562241]
[ 1637,0.5119665697562241]
[ 1638,0.5119665697562241]
[ 1639,0.5119665697562241]
[ 1640,0.5119665697562241]
[ 1641,0.5119665697562241]
[ 1642,0.5119665697562241]
[ 1643,0.5119665697562241]
[ 1644,0.5119665697562241]
[ 1645,0.5119665697562241]
[ 1646,0.5119665697562241]
[ 1647,0.5119665697562241]
[ 1648,0.5119665697562241]
[ 1649,0.5119665697562241]
[ 1650,0.5119665697562241]
[ 1651,0.5119665697562241]
[ 1652,0.5119665697562241]
[ 1653,0.5119665697562241]
[ 1654,0.5119665697562241]
[ 1655,0.5119665697562241]
[ 1656,0.5119665697562241]
[ 1657,0.5119665697562241]
[ 1658,0.5119665697562241]
[ 1659,0.5119665697562241]
[ 1660,0.5119665697562241]
[ 1661,0.5119665697562241]
[ 1662,0.5119665697562241]
[ 1663,0.5119665697562241]
[ 1664,0.5119665697562241]
[ 1665,0.5119665697562241]
[ 1666,0.5119665697562241]
[ 1667,0.5119665697562241]
[ 1668,0.5119665697562241]
[ 1669,0.5119665697562241]
[ 1670,0.5119665697562241]
[ 1671,0.5119665697562241]
[ 1672,0.5119665697562241]
[ 1673,0.5119665697562241]
[ 1674,0.5119665697562241]
[ 1675,0.5119665697562241]
[ 1676,0.5119665697562241]
[ 1677,0.5119665697562241]
[ 1678,0.5119665697562241]
[ 1679,0.5119665697562241]
[ 1680,0.5119665697562241]
[ 1681,0.5119665697562241]
[ 1682,0.5119665697562241]
[ 1683,0.5119665697562241]
[ 1684,0.5119665697562241]
[ 1685,0.5119665697562241]
[ 1686,0.5119665697562241]
[ 1687,0.5119665697562241]
[ 1688,0.5119665697562241]
[ 1689,0.5119665697562241]
[ 1690,0.5119665697562241]
[ 1691,0.5119665697562241]
[ 1692,0.5119665697562241]
[ 1693,0.5119665697562241]
[ 1694,0.5119665697562241]
[ 1695,0.5119665697562241]
[ 1696,0.5119665697562241]
[ 1697,0.5119665697562241]
[ 1698,0.5119665697562241]
[ 1699,0.5119665697562241]
[ 1700,0.5119665697562241]
[ 1701,0.5119665697562241]
[ 1702,0.5119665697562241]
[ 1703,0.5119665697562241]
[ 1704,0.5119665697562241]
[ 1705,0.5119665697562241]
[ 1706,0.5119665697562241]
[ 1707,0.5119665697562241]
[ 1708,0.5119665697562241]
[ 1709,0.5119665697562241]
[ 1710,0.5119665697562241]
[ 1711,0.5119665697562241]
[ 1712,0.5119665697562241]
[ 1713,0.5119665697562241]
[ 1714,0.5119665697562241]
[ 1715,0.5119665697562241]
[ 1716,0.5119665697562241]
[ 1717,0.5119665697562241]
[ 1718,0.5119665697562241]
[ 1719,0.5119665697562241]
[ 1720,0.5119665697562241]
[ 1721,0.5119665697562241]
[ 1722,0.5119665697562241]
[ 1723,0.5119665697562241]
[ 1724,0.5119665697562241]
[ 1725,0.5119665697562241]
[ 1726,0.5119665697562241]
[ 1727,0.5119665697562241]
[ 1728,0.5119665697562241]
[ 1729,0.5119665697562241]
[ 1730,0.5119665697562241]
[ 1731,0.5119665697562241]
[ 1732,0.5119665697562241]
[ 1733,0.5119665697562241]
[ 1734,0.5119665697562241]
[ 1735,0.5119665697562241]
[ 1736,0.5119665697562241]
[ 1737,0.5119665697562241]
[ 1738,0.5119665697562241]
[ 1739,0.5119665697562241]
[ 1740,0.5119665697562241]
[ 1741,0.5119665697562241]
[ 1742,0.5119665697562241]
[ 1743,0.5119665697562241]
[ 1744,0.5119665697562241]
[ 1745,0.5119665697562241]
[ 1746,0.5119665697562241]
[ 1747,0.5119665697562241]
[ 1748,0.5119665697562241]
[ 1749,0.5119665697562241]
[ 1750,0.5119665697562241]
[ 1751,0.5119665697562241]
[ 1752,0.5119665697562241]
[ 1753,0.5119665697562241]
[ 1754,0.5119665697562241]
[ 1755,0.5119665697562241]
[ 1756,0.5119665697562241]
[ 1757,0.5119665697562241]
[ 1758,0.5119665697562241]
[ 1759,0.5119665697562241]
[ 1760,0.5119665697562241]
[ 1761,0.5119665697562241]
[ 1762,0.5119665697562241]
[ 1763,0.5119665697562241]
[ 1764,0.5119665697562241]
[ 1765,0.5119665697562241]
[ 1766,0.5119665697562241]
[ 1767,0.5119665697562241]
[ 1768,0.5119665697562241]
[ 1769,0.5119665697562241]
[ 1770,0.5119665697562241]
[ 1771,0.5119665697562241]
[ 1772,0.5119665697562241]
[ 1773,0.5119665697562241]
[ 1774,0.5119665697562241]
[ 1775,0.5119665697562241]
[ 1776,0.5119665697562241]
[ 1777,0.5119665697562241]
[ 1778,0.5119665697562241]
[ 1779,0.5119665697562241]
[ 1780,0.5119665697562241]
[ 1781,0.5119665697562241]
[ 1782,0.5119665697562241]
[ 1783,0.5119665697562241]
[ 1784,0.5119665697562241]
[ 1785,0.5119665697562241]
[ 1786,0.5119665697562241]
[ 1787,0.5119665697562241]
[ 1788,0.5119665697562241]
[ 1789,0.5119665697562241]
[ 1790,0.5119665697562241]
[ 1791,0.5119665697562241]
[ 1792,0.5119665697562241]
[ 1793,0.5119665697562241]
[ 1794,0.5119665697562241]
[ 1795,0.5119920466376419]
[ 1796,0.5119920466376419]
[ 1797,0.5119920466376419]
[ 1798,0.5119920466376419]
[ 1799,0.5119920466376419]
[ 1800,0.5119920466376419]
[ 1801,0.5119920466376419]
[ 1802,0.5119920466376419]
[ 1803,0.5119920466376419]
[ 1804,0.5119920466376419]
[ 1805,0.5119920466376419]
[ 1806,0.5119920466376419]
[ 1807,0.5119920466376419]
[ 1808,0.5119920466376419]
[ 1809,0.5119920466376419]
[ 1810,0.5119920466376419]
[ 1811,0.5119920466376419]
[ 1812,0.5119920466376419]
[ 1813,0.5119920466376419]
[ 1814,0.5119920466376419]
[ 1815,0.5119920466376419]
[ 1816,0.5119920466376419]
[ 1817,0.5119920466376419]
[ 1818,0.5119920466376419]
[ 1819,0.5119920466376419]
[ 1820,0.5119920466376419]
[ 1821,0.5119920466376419]
[ 1822,0.5119920466376419]
[ 1823,0.5119920466376419]
[ 1824,0.5119920466376419]
[ 1825,0.5119920466376419]
[ 1826,0.5119920466376419]
[ 1827,0.5119920466376419]
[ 1828,0.5119920466376419]
[ 1829,0.5119920466376419]
[ 1830,0.5119920466376419]
[ 1831,0.5119920466376419]
[ 1832,0.5119920466376419]
[ 1833,0.5119920466376419]
[ 1834,0.5119920466376419]
[ 1835,0.5119920466376419]
[ 1836,0.5119920466376419]
[ 1837,0.5119920466376419]
[ 1838,0.5119920466376419]
[ 1839,0.5119920466376419]
[ 1840,0.5119920466376419]
[ 1841,0.5119920466376419]
[ 1842,0.5119920466376419]
[ 1843,0.5119920466376419]
[ 1844,0.5119920466376419]
[ 1845,0.5119920466376419]
[ 1846,0.5119920466376419]
[ 1847,0.5119920466376419]
[ 1848,0.5119920466376419]
[ 1849,0.5119920466376419]
[ 1850,0.5119920466376419]
[ 1851,0.5119920466376419]
[ 1852,0.5119920466376419]
[ 1853,0.5119920466376419]
[ 1854,0.5119920466376419]
[ 1855,0.5119920466376419]
[ 1856,0.5119920466376419]
[ 1857,0.5119920466376419]
[ 1858,0.5119920466376419]
[ 1859,0.5119920466376419]
[ 1860,0.5119920466376419]
[ 1861,0.5119920466376419]
[ 1862,0.5119920466376419]
[ 1863,0.5119920466376419]
[ 1864,0.5119920466376419]
[ 1865,0.5119920466376419]
[ 1866,0.5119920466376419]
[ 1867,0.5119920466376419]
[ 1868,0.5119920466376419]
[ 1869,0.5119920466376419]
[ 1870,0.5119920466376419]
[ 1871,0.5119920466376419]
[ 1872,0.5119920466376419]
[ 1873,0.5119920466376419]
[ 1874,0.5119920466376419]
[ 1875,0.5119920466376419]
[ 1876,0.5119920466376419]
[ 1877,0.5119920466376419]
[ 1878,0.5119920466376419]
[ 1879,0.5119920466376419]
[ 1880,0.5119920466376419]
[ 1881,0.5119920466376419]
[ 1882,0.5119920466376419]
[ 1883,0.5119920466376419]
[ 1884,0.5119920466376419]
[ 1885,0.5119920466376419]
[ 1886,0.5119920466376419]
[ 1887,0.5119920466376419]
[ 1888,0.5119920466376419]
[ 1889,0.5119920466376419]
[ 1890,0.5119920466376419]
[ 1891,0.5119920466376419]
[ 1892,0.5119920466376419]
[ 1893,0.5119920466376419]
[ 1894,0.5119920466376419]
[ 1895,0.5119920466376419]
[ 1896,0.5119920466376419]
[ 1897,0.5119920466376419]
[ 1898,0.5119920466376419]
[ 1899,0.5119920466376419]
[ 1900,0.5119920466376419]
[ 1901,0.5128279181196985]
[ 1902,0.5128279181196985]
[ 1903,0.5128279181196985]
[ 1904,0.5128279181196985]
[ 1905,0.5128279181196985]
[ 1906,0.5128279181196985]
[ 1907,0.5128279181196985]
[ 1908,0.5128279181196985]
[ 1909,0.5128279181196985]
[ 1910,0.5128279181196985]
[ 1911,0.5128279181196985]
[ 1912,0.5128279181196985]
[ 1913,0.5128279181196985]
[ 1914,0.5128279181196985]
[ 1915,0.5128279181196985]
[ 1916,0.5128279181196985]
[ 1917,0.5128279181196985]
[ 1918,0.5128279181196985]
[ 1919,0.5128279181196985]
[ 1920,0.5128279181196985]
[ 1921,0.5128279181196985]
[ 1922,0.5128279181196985]
[ 1923,0.5128279181196985]
[ 1924,0.5128279181196985]
[ 1925,0.5128279181196985]
[ 1926,0.5128279181196985]
[ 1927,0.5128279181196985]
[ 1928,0.5128279181196985]
[ 1929,0.5128279181196985]
[ 1930,0.5128279181196985]
[ 1931,0.5128279181196985]
[ 1932,0.5128279181196985]
[ 1933,0.5128279181196985]
[ 1934,0.5128279181196985]
[ 1935,0.5128279181196985]
[ 1936,0.5128279181196985]
[ 1937,0.5128279181196985]
[ 1938,0.5128279181196985]
[ 1939,0.5128279181196985]
[ 1940,0.5128279181196985]
[ 1941,0.5128279181196985]
[ 1942,0.5128279181196985]
[ 1943,0.5128279181196985]
[ 1944,0.5128279181196985]
[ 1945,0.5128279181196985]
[ 1946,0.5128279181196985]
[ 1947,0.5128279181196985]
[ 1948,0.5128279181196985]
[ 1949,0.5128279181196985]
[ 1950,0.5128279181196985]
[ 1951,0.5128279181196985]
[ 1952,0.5128279181196985]
[ 1953,0.5128279181196985]
[ 1954,0.5128279181196985]
[ 1955,0.5128279181196985]
[ 1956,0.5128279181196985]
[ 1957,0.5128279181196985]
[ 1958,0.5128279181196985]
[ 1959,0.5128279181196985]
[ 1960,0.5128279181196985]
[ 1961,0.5128279181196985]
[ 1962,0.5128279181196985]
[ 1963,0.5128279181196985]
[ 1964,0.5128279181196985]
[ 1965,0.5128279181196985]
[ 1966,0.5128279181196985]
[ 1967,0.5128279181196985]
[ 1968,0.5128279181196985]
[ 1969,0.5128279181196985]
[ 1970,0.5128279181196985]
[ 1971,0.5128279181196985]
[ 1972,0.5128279181196985]
[ 1973,0.5128279181196985]
[ 1974,0.5128279181196985]
[ 1975,0.5128279181196985]
[ 1976,0.5128279181196985]
[ 1977,0.5128279181196985]
[ 1978,0.5128279181196985]
[ 1979,0.5128279181196985]
[ 1980,0.5128279181196985]
[ 1981,0.5128279181196985]
[ 1982,0.5128279181196985]
[ 1983,0.5128279181196985]
[ 1984,0.5128279181196985]
[ 1985,0.5128279181196985]
[ 1986,0.5128279181196985]
[ 1987,0.5128279181196985]
[ 1988,0.5128279181196985]
[ 1989,0.5128279181196985]
[ 1990,0.5128279181196985]
[ 1991,0.5128279181196985]
[ 1992,0.5128279181196985]
[ 1993,0.5128279181196985]
[ 1994,0.5128279181196985]
[ 1995,0.5128279181196985]
[ 1996,0.5128279181196985]
[ 1997,0.5128279181196985]
[ 1998,0.5128279181196985]
[ 1999,0.5128279181196985]
[ 2000,0.5128279181196985]
[ 2001,0.5128279181196985]
[ 2002,0.5128279181196985]
[ 2003,0.5128279181196985]
[ 2004,0.5128279181196985]
[ 2005,0.5128279181196985]
[ 2006,0.5128279181196985]
[ 2007,0.5128279181196985]
[ 2008,0.5128279181196985]
[ 2009,0.5128279181196985]
[ 2010,0.5128279181196985]
[ 2011,0.5128279181196985]
[ 2012,0.5128279181196985]
[ 2013,0.5128279181196985]
[ 2014,0.5128279181196985]
[ 2015,0.5128279181196985]
[ 2016,0.5128279181196985]
[ 2017,0.5128279181196985]
[ 2018,0.5128279181196985]
[ 2019,0.5128279181196985]
[ 2020,0.5128279181196985]
[ 2021,0.5128279181196985]
[ 2022,0.5128279181196985]
[ 2023,0.5128279181196985]
[ 2024,0.5128279181196985]
[ 2025,0.5128279181196985]
[ 2026,0.5128279181196985]
[ 2027,0.5128279181196985]
[ 2028,0.5128279181196985]
[ 2029,0.5128279181196985]
[ 2030,0.5128279181196985]
[ 2031,0.5128279181196985]
[ 2032,0.5128279181196985]
[ 2033,0.5128279181196985]
[ 2034,0.5128279181196985]
[ 2035,0.5128279181196985]
[ 2036,0.5128279181196985]
[ 2037,0.5128279181196985]
[ 2038,0.5128279181196985]
[ 2039,0.5128279181196985]
[ 2040,0.5128279181196985]
[ 2041,0.5128279181196985]
[ 2042,0.5128279181196985]
[ 2043,0.5128279181196985]
[ 2044,0.5128279181196985]
[ 2045,0.5128279181196985]
[ 2046,0.5128279181196985]
[ 2047,0.5128279181196985]
[ 2048,0.5128279181196985]
[ 2049,0.5128279181196985]
[ 2050,0.5128279181196985]
[ 2051,0.5128279181196985]
[ 2052,0.5128279181196985]
[ 2053,0.5128279181196985]
[ 2054,0.5128279181196985]
[ 2055,0.5128279181196985]
[ 2056,0.5128279181196985]
[ 2057,0.5128279181196985]
[ 2058,0.5128279181196985]
[ 2059,0.5128279181196985]
[ 2060,0.5128279181196985]
[ 2061,0.5128279181196985]
[ 2062,0.5128279181196985]
[ 2063,0.5128279181196985]
[ 2064,0.5128279181196985]
[ 2065,0.5128279181196985]
[ 2066,0.5128279181196985]
[ 2067,0.5128279181196985]
[ 2068,0.5128279181196985]
[ 2069,0.5128279181196985]
[ 2070,0.5128279181196985]
[ 2071,0.5128279181196985]
[ 2072,0.5128279181196985]
[ 2073,0.5128279181196985]
[ 2074,0.5128279181196985]
[ 2075,0.5128279181196985]
[ 2076,0.5128279181196985]
[ 2077,0.5128279181196985]
[ 2078,0.5128279181196985]
[ 2079,0.5128279181196985]
[ 2080,0.5128279181196985]
[ 2081,0.5128279181196985]
[ 2082,0.5128279181196985]
[ 2083,0.5128279181196985]
[ 2084,0.5128279181196985]
[ 2085,0.5128279181196985]
[ 2086,0.5128279181196985]
[ 2087,0.5128279181196985]
[ 2088,0.5128279181196985]
[ 2089,0.5128279181196985]
[ 2090,0.5128279181196985]
[ 2091,0.5128279181196985]
[ 2092,0.5128279181196985]
[ 2093,0.5128279181196985]
[ 2094,0.5128279181196985]
[ 2095,0.5128279181196985]
[ 2096,0.5128279181196985]
[ 2097,0.5128279181196985]
[ 2098,0.5128279181196985]
[ 2099,0.5128279181196985]
[ 2100,0.5128279181196985]
[ 2101,0.5128279181196985]
[ 2102,0.5128279181196985]
[ 2103,0.5128279181196985]
[ 2104,0.5128279181196985]
[ 2105,0.5128279181196985]
[ 2106,0.5128279181196985]
[ 2107,0.5128279181196985]
[ 2108,0.5128279181196985]
[ 2109,0.5128279181196985]
[ 2110,0.5128279181196985]
[ 2111,0.5128279181196985]
[ 2112,0.5128279181196985]
[ 2113,0.5128279181196985]
[ 2114,0.5128279181196985]
[ 2115,0.5128279181196985]
[ 2116,0.5128279181196985]
[ 2117,0.5128279181196985]
[ 2118,0.5128279181196985]
[ 2119,0.5128279181196985]
[ 2120,0.5128279181196985]
[ 2121,0.5128279181196985]
[ 2122,0.5128279181196985]
[ 2123,0.5128279181196985]
[ 2124,0.5128279181196985]
[ 2125,0.5128279181196985]
[ 2126,0.5128279181196985]
[ 2127,0.5128279181196985]
[ 2128,0.5128279181196985]
[ 2129,0.5128279181196985]
[ 2130,0.5128279181196985]
[ 2131,0.5128279181196985]
[ 2132,0.5128279181196985]
[ 2133,0.5128279181196985]
[ 2134,0.5128279181196985]
[ 2135,0.5128279181196985]
[ 2136,0.5128279181196985]
[ 2137,0.5128279181196985]
[ 2138,0.5128279181196985]
[ 2139,0.5128279181196985]
[ 2140,0.5128279181196985]
[ 2141,0.5128279181196985]
[ 2142,0.5128279181196985]
[ 2143,0.5128279181196985]
[ 2144,0.5128279181196985]
[ 2145,0.5128279181196985]
[ 2146,0.5128279181196985]
[ 2147,0.5128279181196985]
[ 2148,0.5128279181196985]
[ 2149,0.5128279181196985]
[ 2150,0.5128279181196985]
[ 2151,0.5128279181196985]
[ 2152,0.5128279181196985]
[ 2153,0.5128279181196985]
[ 2154,0.5128279181196985]
[ 2155,0.5128279181196985]
[ 2156,0.5128279181196985]
[ 2157,0.5128279181196985]
[ 2158,0.5128279181196985]
[ 2159,0.5128279181196985]
[ 2160,0.5128279181196985]
[ 2161,0.5128279181196985]
[ 2162,0.5128279181196985]
[ 2163,0.5128279181196985]
[ 2164,0.5128279181196985]
[ 2165,0.5128279181196985]
[ 2166,0.5128279181196985]
[ 2167,0.5128279181196985]
[ 2168,0.5128279181196985]
[ 2169,0.5128279181196985]
[ 2170,0.5128279181196985]
[ 2171,0.5128279181196985]
[ 2172,0.5128279181196985]
[ 2173,0.5128279181196985]
[ 2174,0.5128279181196985]
[ 2175,0.5128279181196985]
[ 2176,0.5128279181196985]
[ 2177,0.5128279181196985]
[ 2178,0.5128279181196985]
[ 2179,0.5128279181196985]
[ 2180,0.5128279181196985]
[ 2181,0.5128279181196985]
[ 2182,0.5128279181196985]
[ 2183,0.5128279181196985]
[ 2184,0.5128279181196985]
[ 2185,0.5128279181196985]
[ 2186,0.5128279181196985]
[ 2187,0.5128279181196985]
[ 2188,0.5128279181196985]
[ 2189,0.5128279181196985]
[ 2190,0.5128279181196985]
[ 2191,0.5128279181196985]
[ 2192,0.5128279181196985]
[ 2193,0.5128279181196985]
[ 2194,0.5128279181196985]
[ 2195,0.5128279181196985]
[ 2196,0.5128279181196985]
[ 2197,0.5128279181196985]
[ 2198,0.5128279181196985]
[ 2199,0.5128279181196985]
[ 2200,0.5128279181196985]
[ 2201,0.5128279181196985]
[ 2202,0.5128279181196985]
[ 2203,0.5128279181196985]
[ 2204,0.5128279181196985]
[ 2205,0.5128279181196985]
[ 2206,0.5128279181196985]
[ 2207,0.5128279181196985]
[ 2208,0.5128279181196985]
[ 2209,0.5128279181196985]
[ 2210,0.5128279181196985]
[ 2211,0.5128279181196985]
[ 2212,0.5128279181196985]
[ 2213,0.5128279181196985]
[ 2214,0.5128279181196985]
[ 2215,0.5128279181196985]
[ 2216,0.5128279181196985]
[ 2217,0.5128279181196985]
[ 2218,0.5128279181196985]
[ 2219,0.5128279181196985]
[ 2220,0.5128279181196985]
[ 2221,0.5128279181196985]
[ 2222,0.5128279181196985]
[ 2223,0.5128279181196985]
[ 2224,0.5128279181196985]
[ 2225,0.5128279181196985]
[ 2226,0.5128279181196985]
[ 2227,0.5128279181196985]
[ 2228,0.5128279181196985]
[ 2229,0.5128279181196985]
[ 2230,0.5128279181196985]
[ 2231,0.5128279181196985]
[ 2232,0.5128279181196985]
[ 2233,0.5128279181196985]
[ 2234,0.5128279181196985]
[ 2235,0.5128279181196985]
[ 2236,0.5128279181196985]
[ 2237,0.5128279181196985]
[ 2238,0.5128279181196985]
[ 2239,0.5128279181196985]
[ 2240,0.5128279181196985]
[ 2241,0.5128279181196985]
[ 2242,0.5128279181196985]
[ 2243,0.5128279181196985]
[ 2244,0.5128279181196985]
[ 2245,0.5128279181196985]
[ 2246,0.5128279181196985]
[ 2247,0.5128279181196985]
[ 2248,0.5128279181196985]
[ 2249,0.5128279181196985]
[ 2250,0.5128279181196985]
[ 2251,0.5128279181196985]
[ 2252,0.5128279181196985]
[ 2253,0.5128279181196985]
[ 2254,0.5128279181196985]
[ 2255,0.5128279181196985]
[ 2256,0.5128279181196985]
[ 2257,0.5128279181196985]
[ 2258,0.5128279181196985]
[ 2259,0.5128279181196985]
[ 2260,0.5128279181196985]
[ 2261,0.5128279181196985]
[ 2262,0.5128279181196985]
[ 2263,0.5128279181196985]
[ 2264,0.5128279181196985]
[ 2265,0.5128279181196985]
[ 2266,0.5128279181196985]
[ 2267,0.5128279181196985]
[ 2268,0.5128279181196985]
[ 2269,0.5128279181196985]
[ 2270,0.5128279181196985]
[ 2271,0.5128279181196985]
[ 2272,0.5128279181196985]
[ 2273,0.5128279181196985]
[ 2274,0.5128279181196985]
[ 2275,0.5128279181196985]
[ 2276,0.5128279181196985]
[ 2277,0.5128279181196985]
[ 2278,0.5128279181196985]
[ 2279,0.5128279181196985]
[ 2280,0.5128279181196985]
[ 2281,0.5128279181196985]
[ 2282,0.5128279181196985]
[ 2283,0.5128279181196985]
[ 2284,0.5128279181196985]
[ 2285,0.5128279181196985]
[ 2286,0.5128279181196985]
[ 2287,0.5128279181196985]
[ 2288,0.5128279181196985]
[ 2289,0.5128279181196985]
[ 2290,0.5128279181196985]
[ 2291,0.5128279181196985]
[ 2292,0.5128279181196985]
[ 2293,0.5128279181196985]
[ 2294,0.5128279181196985]
[ 2295,0.5128279181196985]
[ 2296,0.5128279181196985]
[ 2297,0.5128279181196985]
[ 2298,0.5128279181196985]
[ 2299,0.5128279181196985]
[ 2300,0.5128279181196985]
[ 2301,0.5128279181196985]
[ 2302,0.5128279181196985]
[ 2303,0.5128279181196985]
[ 2304,0.5128279181196985]
[ 2305,0.5128279181196985]
[ 2306,0.5128279181196985]
[ 2307,0.5128279181196985]
[ 2308,0.5128279181196985]
[ 2309,0.5128279181196985]
[ 2310,0.5128279181196985]
[ 2311,0.5128279181196985]
[ 2312,0.5128279181196985]
[ 2313,0.5128279181196985]
[ 2314,0.5128279181196985]
[ 2315,0.5128279181196985]
[ 2316,0.5128279181196985]
[ 2317,0.5128279181196985]
[ 2318,0.5128279181196985]
[ 2319,0.5128279181196985]
[ 2320,0.5128279181196985]
[ 2321,0.5128279181196985]
[ 2322,0.5128279181196985]
[ 2323,0.5128279181196985]
[ 2324,0.5128279181196985]
[ 2325,0.5128279181196985]
[ 2326,0.5128279181196985]
[ 2327,0.5128279181196985]
[ 2328,0.5128279181196985]
[ 2329,0.5128279181196985]
[ 2330,0.5128279181196985]
[ 2331,0.5128279181196985]
[ 2332,0.5128279181196985]
[ 2333,0.5128279181196985]
[ 2334,0.5128279181196985]
[ 2335,0.5128279181196985]
[ 2336,0.5128279181196985]
[ 2337,0.5128279181196985]
[ 2338,0.5128279181196985]
[ 2339,0.5128279181196985]
[ 2340,0.5128279181196985]
[ 2341,0.5128279181196985]
[ 2342,0.5128279181196985]
[ 2343,0.5128279181196985]
[ 2344,0.5128279181196985]
[ 2345,0.5128279181196985]
[ 2346,0.5128279181196985]
[ 2347,0.5128279181196985]
[ 2348,0.5128279181196985]
[ 2349,0.5128279181196985]
[ 2350,0.5128279181196985]
[ 2351,0.5128279181196985]
[ 2352,0.5128279181196985]
[ 2353,0.5128279181196985]
[ 2354,0.5128279181196985]
[ 2355,0.5128279181196985]
[ 2356,0.5128279181196985]
[ 2357,0.5128279181196985]
[ 2358,0.5128279181196985]
[ 2359,0.5128279181196985]
[ 2360,0.5128279181196985]
[ 2361,0.5128279181196985]
[ 2362,0.5128279181196985]
[ 2363,0.5128279181196985]
[ 2364,0.5128279181196985]
[ 2365,0.5128279181196985]
[ 2366,0.5128279181196985]
[ 2367,0.5128279181196985]
[ 2368,0.5128279181196985]
[ 2369,0.5128279181196985]
[ 2370,0.5128279181196985]
[ 2371,0.5128279181196985]
[ 2372,0.5128279181196985]
[ 2373,0.5128279181196985]
[ 2374,0.5128279181196985]
[ 2375,0.5128279181196985]
[ 2376,0.5128279181196985]
[ 2377,0.5128279181196985]
[ 2378,0.5128279181196985]
[ 2379,0.5128279181196985]
[ 2380,0.5128279181196985]
[ 2381,0.5128279181196985]
[ 2382,0.5128279181196985]
[ 2383,0.5128279181196985]
[ 2384,0.5128279181196985]
[ 2385,0.5128279181196985]
[ 2386,0.5128279181196985]
[ 2387,0.5128279181196985]
[ 2388,0.5128279181196985]
[ 2389,0.5128279181196985]
[ 2390,0.5128279181196985]
[ 2391,0.5128279181196985]
[ 2392,0.5128279181196985]
[ 2393,0.5128279181196985]
[ 2394,0.5128279181196985]
[ 2395,0.5128279181196985]
[ 2396,0.5128279181196985]
[ 2397,0.5128279181196985]
[ 2398,0.5128279181196985]
[ 2399,0.5128279181196985]
[ 2400,0.5128279181196985]
[ 2401,0.5128279181196985]
[ 2402,0.5128279181196985]
[ 2403,0.5128279181196985]
[ 2404,0.5128279181196985]
[ 2405,0.5128279181196985]
[ 2406,0.5128279181196985]
[ 2407,0.5128279181196985]
[ 2408,0.5128279181196985]
[ 2409,0.5128279181196985]
[ 2410,0.5128279181196985]
[ 2411,0.5128279181196985]
[ 2412,0.5128279181196985]
[ 2413,0.5128279181196985]
[ 2414,0.5128279181196985]
[ 2415,0.5128279181196985]
[ 2416,0.5128279181196985]
[ 2417,0.5128279181196985]
[ 2418,0.5128279181196985]
[ 2419,0.5128279181196985]
[ 2420,0.5128279181196985]
[ 2421,0.5128279181196985]
[ 2422,0.5128279181196985]
[ 2423,0.5128279181196985]
[ 2424,0.5128279181196985]
[ 2425,0.5128279181196985]
[ 2426,0.5128279181196985]
[ 2427,0.5128279181196985]
[ 2428,0.5128279181196985]
[ 2429,0.5128279181196985]
[ 2430,0.5128279181196985]
[ 2431,0.5128279181196985]
[ 2432,0.5128279181196985]
[ 2433,0.5128279181196985]
[ 2434,0.5128279181196985]
[ 2435,0.5128279181196985]
[ 2436,0.5128279181196985]
[ 2437,0.5128279181196985]
[ 2438,0.5128279181196985]
[ 2439,0.5128279181196985]
[ 2440,0.5128279181196985]
[ 2441,0.5128279181196985]
[ 2442,0.5128279181196985]
[ 2443,0.5128279181196985]
[ 2444,0.5128279181196985]
[ 2445,0.5128279181196985]
[ 2446,0.5128279181196985]
[ 2447,0.5128279181196985]
[ 2448,0.5128279181196985]
[ 2449,0.5128279181196985]
[ 2450,0.5128279181196985]
[ 2451,0.5128279181196985]
[ 2452,0.5128279181196985]
[ 2453,0.5128279181196985]
[ 2454,0.5128279181196985]
[ 2455,0.5128279181196985]
[ 2456,0.5128279181196985]
[ 2457,0.5128279181196985]
[ 2458,0.5128279181196985]
[ 2459,0.5128279181196985]
[ 2460,0.5128279181196985]
[ 2461,0.5128279181196985]
[ 2462,0.5128279181196985]
[ 2463,0.5128279181196985]
[ 2464,0.5128279181196985]
[ 2465,0.5128279181196985]
[ 2466,0.5128279181196985]
[ 2467,0.5128279181196985]
[ 2468,0.5128279181196985]
[ 2469,0.5128279181196985]
[ 2470,0.5128279181196985]
[ 2471,0.5128279181196985]
[ 2472,0.5128279181196985]
[ 2473,0.5128279181196985]
[ 2474,0.5128279181196985]
[ 2475,0.5128279181196985]
[ 2476,0.5128279181196985]
[ 2477,0.5128279181196985]
[ 2478,0.5128279181196985]
[ 2479,0.5128279181196985]
[ 2480,0.5128279181196985]
[ 2481,0.5128279181196985]
[ 2482,0.5128279181196985]
[ 2483,0.5128279181196985]
[ 2484,0.5128279181196985]
[ 2485,0.5128279181196985]
[ 2486,0.5128279181196985]
[ 2487,0.5128279181196985]
[ 2488,0.5128279181196985]
[ 2489,0.5128279181196985]
[ 2490,0.5128279181196985]
[ 2491,0.5128279181196985]
[ 2492,0.5128279181196985]
[ 2493,0.5128279181196985]
[ 2494,0.5128279181196985]
[ 2495,0.5128279181196985]
[ 2496,0.5128279181196985]
[ 2497,0.5128279181196985]
[ 2498,0.5128279181196985]
[ 2499,0.5128279181196985]
[ 2500,0.5128279181196985]
[ 2501,0.5128279181196985]
[ 2502,0.5128279181196985]
[ 2503,0.5128279181196985]
[ 2504,0.5128279181196985]
[ 2505,0.5128279181196985]
[ 2506,0.5128279181196985]
[ 2507,0.5128279181196985]
[ 2508,0.5128279181196985]
[ 2509,0.5128279181196985]
[ 2510,0.5128279181196985]
[ 2511,0.5128279181196985]
[ 2512,0.5128279181196985]
[ 2513,0.5128279181196985]
[ 2514,0.5128279181196985]
[ 2515,0.5128279181196985]
[ 2516,0.5128279181196985]
[ 2517,0.5128279181196985]
[ 2518,0.5128279181196985]
[ 2519,0.5128279181196985]
[ 2520,0.5128279181196985]
[ 2521,0.5128279181196985]
[ 2522,0.5128279181196985]
[ 2523,0.5128279181196985]
[ 2524,0.5128279181196985]
[ 2525,0.5128279181196985]
[ 2526,0.5128279181196985]
[ 2527,0.5128279181196985]
[ 2528,0.5128279181196985]
[ 2529,0.5128279181196985]
[ 2530,0.5128279181196985]
[ 2531,0.5128279181196985]
[ 2532,0.5128279181196985]
[ 2533,0.5128279181196985]
[ 2534,0.5128279181196985]
[ 2535,0.5128279181196985]
[ 2536,0.5128279181196985]
[ 2537,0.5128279181196985]
[ 2538,0.5128279181196985]
[ 2539,0.5128279181196985]
[ 2540,0.5128279181196985]
[ 2541,0.5128279181196985]
[ 2542,0.5128279181196985]
[ 2543,0.5128279181196985]
[ 2544,0.5128279181196985]
[ 2545,0.5128279181196985]
[ 2546,0.5128279181196985]
[ 2547,0.5128279181196985]
[ 2548,0.5128279181196985]
[ 2549,0.5128279181196985]
[ 2550,0.5128279181196985]
[ 2551,0.5128279181196985]
[ 2552,0.5128279181196985]
[ 2553,0.5128279181196985]
[ 2554,0.5128279181196985]
[ 2555,0.5128279181196985]
[ 2556,0.5128279181196985]
[ 2557,0.5128279181196985]
[ 2558,0.5128279181196985]
[ 2559,0.5128279181196985]
[ 2560,0.5128279181196985]
[ 2561,0.5128279181196985]
[ 2562,0.5128279181196985]
[ 2563,0.5128279181196985]
[ 2564,0.5128279181196985]
[ 2565,0.5128279181196985]
[ 2566,0.5128279181196985]
[ 2567,0.5128279181196985]
[ 2568,0.5128279181196985]
[ 2569,0.5128279181196985]
[ 2570,0.5128279181196985]
[ 2571,0.5128279181196985]
[ 2572,0.5128279181196985]
[ 2573,0.5128279181196985]
[ 2574,0.5128279181196985]
[ 2575,0.5128279181196985]
[ 2576,0.5128279181196985]
[ 2577,0.5128279181196985]
[ 2578,0.5128279181196985]
[ 2579,0.5128279181196985]
[ 2580,0.5128279181196985]
[ 2581,0.5128279181196985]
[ 2582,0.5128279181196985]
[ 2583,0.5128279181196985]
[ 2584,0.5128279181196985]
[ 2585,0.5128279181196985]
[ 2586,0.5128279181196985]
[ 2587,0.5128279181196985]
[ 2588,0.5128279181196985]
[ 2589,0.5128279181196985]
[ 2590,0.5128279181196985]
[ 2591,0.5128279181196985]
[ 2592,0.5128279181196985]
[ 2593,0.5128279181196985]
[ 2594,0.5128279181196985]
[ 2595,0.5128279181196985]
[ 2596,0.5128279181196985]
[ 2597,0.5128279181196985]
[ 2598,0.5128279181196985]
[ 2599,0.5128279181196985]
[ 2600,0.5128279181196985]
[ 2601,0.5128279181196985]
[ 2602,0.5128279181196985]
[ 2603,0.5128279181196985]
[ 2604,0.5128279181196985]
[ 2605,0.5128279181196985]
[ 2606,0.5128279181196985]
[ 2607,0.5128279181196985]
[ 2608,0.5128279181196985]
[ 2609,0.5128279181196985]
[ 2610,0.5128279181196985]
[ 2611,0.5128279181196985]
[ 2612,0.5128279181196985]
[ 2613,0.5128279181196985]
[ 2614,0.5128279181196985]
[ 2615,0.5128279181196985]
[ 2616,0.5128279181196985]
[ 2617,0.5128279181196985]
[ 2618,0.5128279181196985]
[ 2619,0.5128279181196985]
[ 2620,0.5128279181196985]
[ 2621,0.5128279181196985]
[ 2622,0.5128279181196985]
[ 2623,0.5128279181196985]
[ 2624,0.5128279181196985]
[ 2625,0.5128279181196985]
[ 2626,0.5128279181196985]
[ 2627,0.5128279181196985]
[ 2628,0.5128279181196985]
[ 2629,0.5128279181196985]
[ 2630,0.5128279181196985]
[ 2631,0.5128279181196985]
[ 2632,0.5128279181196985]
[ 2633,0.5128279181196985]
[ 2634,0.5128279181196985]
[ 2635,0.5128279181196985]
[ 2636,0.5128279181196985]
[ 2637,0.5128279181196985]
[ 2638,0.5128279181196985]
[ 2639,0.5128279181196985]
[ 2640,0.5128279181196985]
[ 2641,0.5128279181196985]
[ 2642,0.5128279181196985]
[ 2643,0.5128279181196985]
[ 2644,0.5128279181196985]
[ 2645,0.5128279181196985]
[ 2646,0.5128279181196985]
[ 2647,0.5128279181196985]
[ 2648,0.5128279181196985]
[ 2649,0.5128279181196985]
[ 2650,0.5128279181196985]
[ 2651,0.5128279181196985]
[ 2652,0.5128279181196985]
[ 2653,0.5128279181196985]
[ 2654,0.5128279181196985]
[ 2655,0.5128279181196985]
[ 2656,0.5128279181196985]
[ 2657,0.5128279181196985]
[ 2658,0.5128279181196985]
[ 2659,0.5128279181196985]
[ 2660,0.5128279181196985]
[ 2661,0.5128279181196985]
[ 2662,0.5128279181196985]
[ 2663,0.5128279181196985]
[ 2664,0.5128279181196985]
[ 2665,0.5128279181196985]
[ 2666,0.5128279181196985]
[ 2667,0.5128279181196985]
[ 2668,0.5128279181196985]
[ 2669,0.5128279181196985]
[ 2670,0.5128279181196985]
[ 2671,0.5128279181196985]
[ 2672,0.5128279181196985]
[ 2673,0.5128279181196985]
[ 2674,0.5128279181196985]
[ 2675,0.5128279181196985]
