 sizeOfPopulation = 30  # 测试，先写10个种群大小
    iterations = 3000  # 迭代次数
    crossoverPc = 0.95  # 交叉概率
    mutatePm = 0.09  # 0.02#变异概率
    用户个数设置为20，用户位置分配是随机分配
    base：6+1 存储能力：4-1,
    VN = [[1, -1, 1, -1, 1, 1, 1, -1, -1, 1, 1, 1, -1, -1, -1, 1, -1, 1, -1, 1],
      [1, 1, -1, 1, -1, 1, -1, -1, 1, -1, 1, 1, -1, -1, 1, -1, 1, -1, -1, 1],
      [-1, -1, 1, 1, -1, -1, -1, 1, 1, 1, -1, 1, -1, 1, 1, -1, -1, 1, -1, 1],
      [-1, 1, 1, 1, 1, 1, 1, 1, -1, 1, -1, -1, 1, 1, 1, -1, 1, -1, -1, -1]]
      locationOfUser: