./data/populationFitness/20191024-5-VQD5-4.txt
iterations 2
[30.014969408435988, 28.248352926020104, 24.94905856238629, 28.869486908576125, 26.0151377377795, 28.107442964456123, 29.3116934875103, 24.578735198144354, 26.734477350234553, 27.466399682501823, 25.142338492235616, 25.164174696349782, 26.753385313264573, 24.004084648462026, 26.542190659853656, 25.67737887207561, 25.901444867645885, 28.496736389542715, 29.991257605107915, 25.598264751644567, 28.30542026752836, 28.74129471181787, 25.609370928900766, 26.201330065115613, 28.307371618441895, 24.001038344209285, 26.24468943765393, 28.086509280817697, 24.746036341869527, 27.579047359575828]
iterations 3
[30.014969408435988, 28.248352926020104, 28.736379591693677, 28.869486908576125, 26.236442527023968, 28.740366650047335, 29.3116934875103, 28.506600350934278, 26.734477350234553, 28.496728473851917, 26.908367631170695, 26.754981524562687, 26.753385313264573, 29.994205222077937, 27.70581382759641, 28.113084897876742, 29.05587746360786, 28.496736389542715, 29.991257605107915, 28.739167471208237, 30.00904936250623, 28.74129471181787, 25.609370928900766, 29.37539482444169, 28.307371618441895, 26.74369313395068, 26.24468943765393, 29.679185567594505, 28.086616885092425, 27.579047359575828]
iterations 4
[30.014969408435988, 28.53856023841869, 29.931496014049333, 29.269795032369032, 30.721871205774008, 28.740366650047335, 29.3116934875103, 30.207488316547483, 28.73260483046065, 29.060016503532157, 28.09245405778675, 28.745726902368215, 28.248704515513065, 30.02494229891262, 28.74523620202692, 28.113084897876742, 29.05587746360786, 28.869796799407165, 29.991257605107915, 29.676818336831857, 30.00904936250623, 28.74129471181787, 28.04157850551587, 29.37539482444169, 28.732913544803168, 28.869523415040952, 28.248606770207502, 29.682312183681475, 28.549837768291244, 28.73507382039429]
iterations 5
[30.014969408435988, 29.826498869986665, 31.039093541149306, 30.349152067563097, 30.721871205774008, 28.876478328814827, 29.87570062914423, 30.207488316547483, 28.73260483046065, 29.355182951797595, 29.675099775903156, 29.273165722061236, 30.21152501407862, 30.02494229891262, 30.00904936250623, 29.931496014049333, 30.721871205774008, 29.269795032369032, 29.991257605107915, 30.008645525909408, 30.207488316547483, 30.02494229891262, 30.894115316989552, 29.37539482444169, 29.68469838022018, 28.869523415040952, 30.207488316547483, 30.00904936250623, 30.020136799053436, 28.73507382039429]
iterations 6
[30.04883501308226, 30.37517891478721, 31.039093541149306, 30.349152067563097, 30.721871205774008, 30.014605296180047, 30.00904936250623, 30.207488316547483, 30.44774108601732, 30.73509403454734, 30.008645270057613, 30.207488746087222, 30.21152501407862, 30.02494229891262, 31.03917099331533, 29.931496014049333, 30.721871205774008, 29.87308228478367, 31.039093541149306, 30.21152501407862, 30.207488316547483, 31.180651052891662, 30.894115316989552, 30.591253835792983, 30.02494229891262, 30.00904936250623, 30.207488316547483, 30.00904936250623, 30.020136799053436, 30.764064717118515]
iterations 7
[30.765540148487954, 31.03238980887811, 31.039093541149306, 30.59111972875398, 30.721871205774008, 30.742007859476274, 31.041817156416982, 30.207488316547483, 30.44774108601732, 30.73509403454734, 30.763670251270874, 30.2074887460902, 31.039093541149306, 30.02494229891262, 31.040360994345388, 30.764137040451182, 30.721871205774008, 31.042532349836623, 31.039093541149306, 30.913345148934056, 30.7088666611387, 31.180651052891662, 30.894115316989552, 30.591253835792983, 31.03089144662391, 31.066312340654413, 30.207488316547483, 30.463493023756012, 30.76553739395751, 31.038380647719112]
iterations 8
[30.765540148487954, 31.03238980887811, 31.039093541149306, 30.758290436160802, 30.84768238154091, 31.073373383943736, 31.04985443635856, 30.207488316547483, 31.301388540417626, 31.47688109182602, 31.039093541149306, 31.039093541149306, 31.039093541149306, 31.584674900912276, 31.040360994345388, 31.042532349836623, 31.038885118977, 31.042532349836623, 31.039093541149306, 30.913345148934056, 31.039093541149306, 31.180651052891662, 30.894115316989552, 31.140879512162325, 31.032400452471137, 31.066312340654413, 30.51742386441973, 30.463493023756012, 30.88132807353614, 31.038380647719112]
iterations 9
[31.11354281113529, 31.125003217401915, 31.042532349836623, 31.039093541149306, 31.039093541149306, 31.073373383943736, 31.062069664220672, 30.993729939347098, 31.301388540417626, 31.47688109182602, 31.039093541149306, 31.348968228875233, 31.153136470830724, 31.584674900912276, 31.040360994345388, 31.042532349836623, 31.038885118977, 32.133845173168744, 31.076534081462448, 30.913345148934056, 31.06348772360758, 31.180651052891662, 30.894115316989552, 31.17633781130647, 31.051361744212173, 31.066312340654413, 31.58470371202882, 31.471150601819023, 30.88132807353614, 31.038380647719112]
iterations 10
[31.354415305548763, 31.30645068808551, 31.042532349836623, 31.039093541149306, 31.303324938461667, 31.073373383943736, 31.078932770509738, 31.47381889865986, 31.301388540417626, 31.47688109182602, 32.20987246245445, 31.348968228875233, 31.514131163587052, 31.584674900912276, 31.040360994345388, 31.59891749249022, 31.038885118977, 32.133845173168744, 31.584753549281672, 31.349235811474667, 31.06348772360758, 31.506338165489385, 31.11354281113529, 31.17633781130647, 31.11378149058614, 31.073360175567448, 31.58470371202882, 31.471150601819023, 31.909457670554048, 31.038380647719112]
iterations 11
[31.379016710584764, 31.705739372698677, 31.50677430684926, 31.039093541149306, 32.2286353237532, 31.59252524221538, 31.584674900912276, 31.58470371202882, 31.301388540417626, 32.70013438165908, 32.20987246245445, 31.348968228875233, 31.514131163587052, 31.584674900912276, 31.58470371202882, 31.59891749249022, 31.530199964880257, 32.133845173168744, 31.584753549281672, 31.581879082306976, 31.07336017333652, 31.506338165489385, 31.370211877272265, 31.17633781130647, 31.476924086752735, 31.073360175567448, 32.050782563431476, 31.471150601819023, 31.909457670554048, 31.11387080703832]
iterations 12
[32.23656046547257, 31.705739372698677, 31.98855102160013, 33.362947682451534, 32.2286353237532, 31.59252524221538, 32.13384519742895, 31.58470371202882, 32.74048521516268, 32.70013438165908, 32.20987246245445, 31.58889080408498, 31.530114250483166, 31.584674900912276, 31.602364284112316, 31.59891749249022, 31.73892143449148, 32.133845173168744, 31.59891749249022, 32.70013438165908, 32.70013438165908, 31.59252524221538, 31.85695861902784, 31.47297421211723, 32.2286353237532, 31.471150601819023, 32.21029800116965, 31.60599664293436, 32.03639104567807, 31.599066417751942]
iterations 13
[32.23656046547257, 32.74037224635731, 32.69450027348626, 33.362947682451534, 32.901540679583405, 32.10016882205615, 32.13384519742895, 32.98440918805342, 33.99427302554575, 32.70013438165908, 32.20987246245445, 31.58889080408498, 31.530114250483166, 31.584674900912276, 32.2286353237532, 32.133845173168744, 32.111748430900626, 32.702491212430566, 32.25083659642372, 33.36284395938938, 32.70013438165908, 32.06336285664955, 31.85695861902784, 33.88909715979353, 32.70013438165908, 32.70013438165908, 32.602696198590415, 32.206849679640875, 32.03639104567807, 32.18783011429505]
iterations 14
[33.362448163245375, 33.88959667947796, 33.99427302554575, 33.99427302554575, 33.766416422823596, 32.25147622718562, 33.26766513953267, 32.98440918805342, 33.99427302554575, 32.70013438165908, 32.20987246245445, 33.36284395938938, 32.69450027348626, 32.70013438165908, 32.2286353237532, 32.76898775150003, 33.99808648392412, 33.85292457441059, 32.71221513240978, 33.36284395938938, 32.70013438165908, 32.06336285664955, 32.09626552600412, 33.88909715979353, 32.87152276459958, 32.7417716231528, 32.702491212430566, 32.445962596852, 32.602696198590415, 32.74037224635731]
iterations 15
[33.95205100782808, 33.88959667947796, 34.061316440821955, 33.99427302554575, 33.766416422823596, 33.68467255729823, 33.26766513953267, 33.87191905117754, 33.998086483752346, 33.267665283856395, 35.11913543024077, 33.48310893580572, 33.99589432474695, 33.879333445377696, 33.01973792375787, 32.76898775150003, 33.99808648392412, 33.85292457441059, 33.362448163245375, 33.85292457441059, 33.766416422823596, 33.36284395938938, 33.984732298754224, 33.88909715979353, 32.87152276459958, 32.7417716231528, 32.757458099786746, 32.70248999909319, 33.40063625328127, 32.74037224635731]
iterations 16
[33.95205100782808, 33.88959667947796, 34.061316440821955, 34.59938041518032, 33.95212357986898, 33.852852005824616, 34.10529784419826, 33.87191905117754, 33.998086483752346, 33.85292457441059, 35.11913543024077, 33.766416422823596, 33.99589432474695, 33.879333445377696, 33.85954989064937, 33.68155808197611, 33.99808648392412, 33.99589432474695, 33.362448163245375, 33.99582313898919, 33.766416422823596, 35.096478443910144, 33.99808648392412, 33.99427302554575, 34.05418177001014, 34.00144424516178, 34.398369769735936, 34.108661695667244, 33.951189636113476, 33.93872462383934]
iterations 17
[33.95205100782808, 35.11913543024077, 34.061316440821955, 34.59938041518032, 34.05418177001014, 35.11913543024077, 34.10529784419826, 34.10529784419826, 34.26677534570903, 33.85292457441059, 35.11913543024077, 34.05026770058031, 35.09574038457949, 33.879333445377696, 35.11913543024077, 35.11913543024077, 33.99808648392412, 33.998086483752346, 33.99808648392412, 34.05418177001014, 35.120877062441735, 35.096478443910144, 35.09686589217021, 33.99427302554575, 34.05418177001014, 34.00144424516178, 34.398369769735936, 34.108661695667244, 35.11913543024077, 33.998086483752346]
iterations 18
[35.09212864375932, 35.11913543024077, 35.11913543024077, 35.11913543024077, 35.7740472412553, 35.11913543024077, 35.11913629849266, 34.17162211288884, 34.26677534570903, 34.267264590947576, 35.120877062441735, 34.05418177001014, 35.09574038457949, 33.879333445377696, inf, 35.11913543024077, 35.120877062441735, 33.998086483752346, 35.11913543024077, 35.11913543024077, 35.120877062441735, 35.096478443910144, 35.11913543024077, 34.398369769735936, 34.05418177001014, 34.35310670397556, 35.11913543024077, 35.11913543024077, 35.12118758194396, 33.99949689602005]
iterations 19
[35.11913543024077, 35.120877062441735, 35.11913543024077, 35.11913543024077, 35.7740472412553, 35.11913543024077, 35.11913629849266, 35.120881899992185, 35.83458833861922, 35.01874532733784, 35.120877062441735, 35.12118758194396, 35.09574038457949, 35.11913543024077, inf, 35.11913543024077, 35.120877062441735, 35.11913543024077, 35.11913543024077, 35.12118758194396, 35.120877062441735, 35.096478443910144, 35.11913629849266, 34.398369769735936, 35.11913543024077, 34.431244066227784, 35.11913543024077, 35.11913543024077, 35.12118758194396, 34.39865621463404]
iterations 20
[35.120877062441735, 35.12118758194396, 35.134135988589044, 35.11913629849266, 35.7740472412553, 35.12118758194396, 35.12118758194396, 35.120881899992185, 35.83458833861922, 35.14266807636382, 35.120877062441735, 35.12118758194396, 35.72789514856709, 35.1857308061083, inf, 35.12088276853346, 35.120877062441735, 35.120877062441735, 35.120877062441735, 35.12118758194396, 35.120877062441735, 35.096478443910144, 35.12118758194396, 34.44741698722162, 35.793780323614584, 35.08426245126716, 35.12118758194396, 35.120877062441735, 35.15067927191853, 34.39865621463404]
iterations 21
[35.12118758194396, 35.12118758194396, 35.38887021632665, 35.11913629849266, 35.7740472412553, 35.72789514856709, 35.12118758194396, 35.120881899992185, 35.83458833861922, 35.14266807636382, 35.83924717448945, 35.12387520410629, 35.72789514856709, 35.1857308061083, inf, 35.12088276853346, 35.53915994155233, 35.374461789501595, 35.12118758194396, 35.134135988589044, 35.72691329441862, 35.14266193683349, 35.12118758194396, 35.80692220907467, 35.793780323614584, 35.08426245126716, 35.12118758194396, 35.12118758194396, 35.15067927191853, 35.12118758194396]
iterations 22
[35.12118758194396, 35.48311289434426, 35.38887021632665, 35.29713365036707, 35.7740472412553, 35.72789514856709, 35.12118758194396, 35.19586912262496, 35.83458833861922, 35.387871170164466, 35.83924717448945, 35.12387520410629, 35.72789514856709, 35.805433180728194, inf, 35.14265732686616, 35.53915994155233, 35.83924717448945, 35.12118758194396, 35.34416847678506, 35.72691329441862, 35.14266193683349, 35.49807669991299, 35.806922209075296, 35.793780323614584, 35.793780323614584, 35.12118758194396, 35.12387520410629, 35.15067927191853, 35.15284955661787]
iterations 23
[35.34416847678506, 35.48311289434426, 35.83109332327912, 35.29713365036707, 35.7740472412553, 35.72789514856709, 35.34416847678506, 35.19586912262496, 35.83458833861922, 35.387871170164466, 35.83924717448945, 35.793780323614584, 35.72789514856709, 35.805433180728194, inf, 35.29713365036707, 35.53915994155233, 35.83924717448945, 35.12118758194396, 35.722864711523584, 35.72691329441862, 35.14266193683349, 35.49807669991299, 35.806922209075296, 35.793780323614584, 35.793780323614584, 36.02204810628707, 35.12387520410629, 35.15067927191853, 35.324841829265615]
iterations 24
[35.72936800878115, 35.82982953816835, 35.83109332327912, 35.5126928406547, 35.839977183463965, 35.76625931710858, 35.793780323614584, 35.805433180728194, 35.83458833861922, 35.72061765604251, 35.83924717448945, 35.793780323614584, 35.80274031368441, 35.805433180728194, inf, 35.793780323614584, 35.53915994155233, 35.83924717448945, 35.812119574210044, 35.722864711523584, 35.72691329441862, 35.793849931459626, 35.805433180728194, 35.88100114276956, 35.85609195392078, 35.793780323614584, 36.02204810628707, 35.806921416584856, 35.80288112384582, 35.72432759467413]
iterations 25
[35.806921416584856, 35.83109332327912, 35.83109332327912, 35.83891106748927, 36.067932301108726, 35.789883730808, 35.793780323614584, 35.805433180728194, 35.83458833861922, 35.80288112384582, 36.02204810628707, 35.793780323614584, 35.80274031368441, 35.805433180728194, inf, 35.82982953816835, 35.793780323614584, 35.83924717448945, 35.831330625230464, 35.84250222594922, 35.72691329441862, 35.793849931459626, 35.849391777187336, 35.88100114276956, 36.02208305631687, 35.793780323614584, 36.02204810628707, 35.83429940845153, 35.80288112384582, 35.72432759467413]
iterations 26
[35.83555889584929, 36.06556518356223, 35.83109332327912, 35.849391777187336, 36.067932301108726, 35.83429940845153, 35.83109332327912, 35.83109332327912, 35.83458833861922, 35.80288112384582, 36.02204810628707, 36.02204810628707, 36.00894137543646, 35.83956678498346, inf, 35.82982953816835, 35.82510963615731, 35.83924717448945, 35.88100136036394, 35.84250222594922, 36.00403494352666, 35.85882160060268, 35.88100114276956, 36.067932301108726, 36.02208305631687, 36.02208305631687, 36.02204810628707, 36.02208202208954, 35.80288112384582, 35.72432759467413]
iterations 27
[36.08714505781863, 36.06556518356223, 36.02204810628707, 36.02208202208954, 36.067932301108726, 36.02204810628707, 35.88100114276956, 36.06556518356223, 35.83458833861922, 35.80288112384582, 36.02204810628707, 36.163100943889084, 36.00894137543646, 35.858515161753715, inf, 36.06556518356223, 36.022044696450365, 35.83957033574617, 36.067932301108726, 35.88100136036394, 36.00403494352666, 36.06556518356223, 36.18602141464295, 36.067932301108726, 36.02208305631687, 36.02208305631687, 36.02204810628707, 36.02208202208954, 36.02279893890609, 35.88026594664088]
iterations 28
[36.087178914373254, 36.097765000589874, 36.02204810628707, 36.06556518356223, 36.10636844289408, 36.22239408935798, 35.88100114276956, 36.06556518356223, 36.06556518356223, 36.06556518356223, 36.267753604685716, 36.163100943889084, 36.08714505781863, 35.88026594664088, inf, 36.164567656698196, 36.022044696450365, 36.06556518378328, 36.067932301108726, 36.0220830431008, 36.00403494352666, 36.06556518356223, 36.18602141464295, 36.067932301108726, 36.02208305631687, 36.02208305631687, 36.02204810628707, 36.05923505597691, 36.03744757232101, 36.02204810628707]
iterations 29
[36.087178914373254, 36.097765000589874, 36.067932301108726, 36.087178914373254, 36.10636844289408, 36.22239408935798, 36.06523240161579, 36.16493813887291, 36.06556518356223, 36.06556518356223, 36.267753604685716, 36.163100943889084, 36.267753604685716, 36.267753604685716, inf, 36.164567656698196, 36.022044696450365, 36.06556518378328, 36.067932301108726, 36.16911912537706, 36.02682346804366, 36.087178914373254, 36.18602141464295, 36.07031158884905, 36.087178927504354, 36.02208305631687, 36.08185859525971, 36.22771402956852, 36.22239408935798, 36.06556518356223]
iterations 30
[36.087178914373254, 36.267753604685716, 36.067932301108726, 36.087178914373254, 36.10636844289408, 36.267753604685716, 36.17012975360504, 36.22209093796941, 36.1677991566219, 36.267417837208505, 36.267753604685716, 36.163100943889084, 36.267753604685716, 36.267753604685716, inf, 36.26276143050234, 36.022044696450365, 36.087178927504354, 36.26787916123971, 36.16911912537706, 36.02682346804366, 36.14078989160322, 36.18602141464295, 36.16327193576407, 36.267753604685716, 36.267753604685716, 36.16493813877606, 36.22771402956852, 36.22771402956852, 36.22239408935798]
iterations 31
[36.2677517369536, 36.267753604685716, 36.16938212673356, 36.22775236166509, 36.16878377627627, 36.267753604685716, 36.18642734131104, 36.22209093796941, 36.267753604685716, 36.267753604685716, 36.267753604685716, 36.267753604685716, 36.267753604685716, 36.267753604685716, inf, 36.26276143050234, 36.26452431736456, 36.087178927504354, 36.26787916123971, 36.267753604685716, 36.267753604685716, 36.14078989160322, 36.18602141464295, 36.27111051214095, 36.287562304373786, 36.267753604685716, 36.99170283562129, 36.22771402956852, 36.4887626009171, 36.22239408935798]
iterations 32
[36.27111051214095, 36.267753604685716, 36.267753604685716, 36.22775236166509, 36.284098298447404, 36.267753604685716, 36.27111051214095, 36.267753604685716, 36.991531857878556, 36.488933578659875, 36.27111051214095, 36.99170283562129, 36.267753604685716, 36.267753604685716, inf, 36.26276143050234, 36.287562304373786, 36.267753604685716, 36.26787916123971, 36.27111051214095, 36.267753604685716, 36.267753604685716, 36.99170283562129, 36.27111051214095, 36.488933578659875, 36.267753604685716, 36.99170283562129, 36.65249536638053, 36.4887626009171, 36.267753604685716]
iterations 33
[36.27111051214095, 37.01334706016253, 36.267753604685716, 36.22775236166509, 36.284098298447404, 36.27111051214095, 36.27111051214095, 36.991531857878556, 36.991531857878556, 36.96058070125273, 36.4887626009171, 36.99170283562129, 36.99170283562129, 36.4887626009171, inf, 36.26276143050234, 36.287562304373786, 36.267753604685716, 36.99170283562129, 36.4887626009171, 36.284098298447404, 36.99170283562129, 36.99170283562129, 36.27111051214095, 36.488933578659875, 36.99170283562129, 36.99170283562129, 36.66332082528414, 36.4887626009171, 36.99170283562129]
iterations 34
[36.286988251617046, 37.01334706016253, 36.991531857878556, 36.4887626009171, 36.291597409504966, 36.98420372464747, 36.99170283562129, 36.991531857878556, 36.991531857878556, 36.96058070125273, 36.99170283562129, 36.99170283562129, 36.99170283562129, 36.4887626009171, inf, 36.26276143050234, 36.48988457309891, 36.65701695458268, 37.01334706016253, 36.99170283562129, 36.66188144595694, 36.99495518521929, 36.99170283562129, 36.99170283562129, 36.99170283562129, 36.99170283562129, 36.99170283562129, 36.991531857878556, 36.99170283562129, 36.99170283562129]
iterations 35
[36.99139730891888, 37.01365258686495, 36.99170283562129, 36.99170283562129, 37.01334640383194, 36.98420372464747, 36.99170283562129, 36.99170283562129, 36.991531857878556, 36.99495518521929, 36.99495518521929, 37.01334706016253, 36.99170283562129, 36.99170283562129, inf, 37.01334706016253, 37.01334706016253, 36.99170283562129, 37.01334706016253, 36.99170283562129, 36.99170283562129, 36.99495518521929, 36.99170283562129, 37.019453036791916, 36.99170283562129, 36.99170283562129, 36.99170283562129, 36.99170283562129, 37.01334706016253, 37.01334706016253]
iterations 36
[37.01334640383194, 37.019453036791916, 37.01365258686495, 36.99170283562129, 37.01334640383194, 37.01365258686495, 37.01334706016253, 37.01334640383194, 37.01334706016253, 36.99495518521929, 36.99495518521929, 37.01334706016253, 36.99257165620862, 37.01247823956991, inf, 37.01334706016253, 37.01334706016253, 36.99170283562129, 37.01334706016253, 36.99170283562129, 37.01334706016253, 36.99495518521929, 36.99170283562129, 37.019453036791916, 37.01334640383194, 36.991703491951874, 36.99170283562129, 37.01333109119687, 37.01334706016253, 37.01334706016253]
iterations 37
[37.019453036791916, 37.019453036791916, 37.01365258686495, 37.01365258686495, 37.01365258686495, 37.01365258686495, 37.01334706016253, 37.01334640383194, 37.01334706016253, 37.01334706016253, 37.022679861022965, 37.01334706016253, 37.01365258686495, 37.01334640383194, inf, 37.01334706016253, 37.01334706016253, 37.01334706016253, 37.01334706016253, 36.99170283562129, 37.01334706016253, 36.99495518521929, 36.99170283562129, 37.019453036791916, 37.019453036791916, 37.019453036791916, 37.01334640383194, 37.01334706016253, 37.01334706016253, 37.071054405430445]
iterations 38
[37.019453036791916, 37.019453036791916, 37.019453036791916, 37.01365258686495, 37.02267986104026, 37.01365258686495, 37.01365258686495, 37.071054405430445, 37.01365258686495, 37.019453036791916, 37.022679861022965, 37.025261419647464, 37.01365258686495, 37.01334640383194, inf, 37.01334706016253, 37.01365258686495, 37.071054405430445, 37.01334706016253, 37.04819742207432, 37.01334706016253, 36.99495518521929, 36.99170283562129, 37.019453036791916, 37.04035525109145, 37.019453036791916, 37.01334706016253, 37.01334706016253, 37.01334706016253, 37.071054405430445]
iterations 39
[37.019453036791916, 37.019453036791916, 37.019453036791916, 37.019453036791916, 37.04035525109145, 37.019453036791916, 37.02267936320381, 37.071054405430445, 37.071054405430445, 37.025261419647464, 37.07108470224447, 37.025261419647464, 37.069744812038564, 37.019453036791916, inf, 37.019453036791916, 37.07054423796031, 37.071054405430445, 37.04819742207432, 37.04819742207432, 37.01334706016253, 37.08017624784956, 36.99170283562129, 37.08136436285527, 37.04035525109145, 37.04035525109145, 37.01365258686495, 37.019453036791916, 37.01365258686495, 37.071054405430445]
iterations 40
[37.04035525109145, 37.019453036791916, 37.1174634211727, 37.019453036791916, 37.04035525109145, 37.07108470224447, 37.02267936320381, 37.080182476110636, 37.07116434100554, 37.025261419647464, 37.07108470224447, 37.025261419647464, 37.472555553759484, 37.071054405430445, inf, 37.04035525109145, 37.07054423796031, 37.071054405430445, 37.04819742207432, 37.08136436285527, 37.01334706016253, 37.08017624784956, 37.025261419647464, 37.08136436285527, 37.06966559665209, 37.04035525109145, 37.01365258686495, 37.04053852486568, 37.019453036791916, 37.08136436285527]
iterations 41
[37.07077946824214, 37.081450458505465, 37.1174634211727, 37.019453036791916, 37.04035525109145, 37.07108470224447, 37.07054423796031, 37.080182476110636, 37.39869529372866, 37.19993311603899, 37.07108470224447, 37.025261419647464, 37.472555553759484, 37.071054405430445, inf, 37.04035525109145, 37.472555553759484, 37.08136436285527, 37.04819742207432, 37.08136436285527, 37.01334706016253, 37.08017624784956, 37.025261419647464, 37.08136436285527, 37.08136436285527, 37.04035525109145, 37.01365258686495, 37.04053852486568, 37.08136436285527, 37.1174634211727]
iterations 42
[37.08017624784956, 37.081450458505465, 37.1174634211727, 37.07108470224447, 37.1174634211727, 37.08017624784956, 37.47281991521393, 37.19993311505001, 37.472555553759484, 37.19993311603899, 37.08136436285527, 37.472555553759484, 38.499229930190076, 37.080182476110636, inf, 37.1174634211727, 37.472555553759484, 37.20088942565736, 37.1174634211727, 37.1174634211727, 37.1174634211727, 37.4662496945159, 37.08136436285527, 37.08136436285527, 37.472555553759484, 37.08136436285527, 37.07054423796031, 37.19993311603899, 37.19942433208582, 37.1174634211727]
iterations 43
[37.08137408275548, 37.47261337354518, 37.1174634211727, 37.4753468846409, 37.19993311603899, 37.19993311603899, 38.61449494747527, 37.38518315386412, 37.472555553759484, 37.19993311603899, 37.08136436285527, 37.472555553759484, 38.499229930190076, 37.20020227691307, inf, 37.18940131952622, 37.472555553759484, 37.20088942565736, 37.19993311603899, 37.1174634211727, 37.1174634211727, 37.47263156537577, 37.12725525174794, 37.217689679717566, 37.472555553759484, 37.08136436285527, 37.11728009953943, 37.19993311603899, 37.19942433208582, 37.19942433208582]
iterations 44
[37.769863070903455, 37.47261337354518, 37.19993311603899, 37.4753468846409, 37.472555553759484, 37.47263156537577, 38.61449494747527, 37.38518315386412, 37.472555553759484, 37.23279119768081, 37.739883918608285, 37.472555553759484, 38.499229930190076, 37.4801411463138, inf, 37.472555553759484, 37.472555553759484, 37.20088942565736, 37.19993311603899, 37.217689679717566, 37.1174634211727, 37.47263156537577, 37.365731435096706, 37.217689679717566, 37.472555553759484, 37.19993311603899, 37.38518315386412, 37.19993311603899, 37.19942433208582, 37.5758971801437]
iterations 45
[37.769863070903455, 37.5758971801437, 37.465906998043565, 37.4753468846409, 37.472555553759484, 38.499229929990214, 38.61449494747527, 37.47263156537577, 37.769863070903455, 37.472555553759484, 37.769863070903455, 37.472555553759484, 38.499229930190076, 37.4801411463138, inf, 37.472555553759484, 37.73986296115684, 37.47263433051148, 37.739883918608285, 37.75786526730744, 38.61449494747527, 38.499229930190076, 37.5758971801437, 37.472555553759484, 37.47281991521393, 38.61449494649034, 37.4753468846409, 37.472555553759484, 37.38518315386412, 37.5758971801437]
iterations 46
[37.769863070903455, 37.73986296115684, 37.465906998043565, 37.4753468846409, 37.472555553759484, 38.61449494649034, 38.61449494747527, 37.5758971801437, 38.61449494747527, 38.61449494747527, 37.769863070903455, 37.4753468846409, 38.499229930190076, 38.61449494747527, inf, 37.769863070903455, 38.61449494747527, 37.73041275001849, 38.61449494649034, 37.75786526730744, 38.61449494747527, 38.499229930190076, 37.5758971801437, 37.472555553759484, 37.47281991521393, 38.61449494649034, 38.499229930190076, 37.73986296115684, 37.75818671165961, 37.76997969811701]
iterations 47
[38.61449494747527, 38.61449494747527, 38.61449494649034, 38.61449494747527, 37.75284559862867, 38.61449494649034, 38.61449494747527, 38.61449494747527, 38.61449494747527, 38.61449494747527, 37.769863070903455, 38.61449491276332, 38.499229930190076, 38.61449494747527, inf, 38.61450112300812, 38.61449494747527, 38.61449494747527, 38.61449494649034, 38.61449494747527, 38.61449494747527, 38.499229930190076, 37.73986296115684, 38.187759744943605, 38.65001969018798, 38.61449496851893, 38.499229930190076, 38.620664533486355, 37.769863070903455, 37.76997969811701]
iterations 48
[38.620664533486355, 38.61449494747527, 38.61449494649034, 38.61449494747527, 38.61453420249537, 38.65001947639862, 39.274217518549065, 38.61449494747527, 38.61450112300812, 38.61449494747527, 37.77048751484873, 38.61449491276332, 38.607179099140474, 38.648575112491336, inf, 38.61450112300812, 38.61449494747527, 38.61450112300812, 38.61449494649034, 38.61449494747527, 38.61449494747527, 38.61449494747527, 38.61449494747527, 38.61449494747527, 38.65001969018798, 38.61452242996097, 38.61449494747527, 38.620664533486355, 38.61449494747527, 38.61449494747527]
iterations 49
[38.659212110828825, 38.620664533486355, 38.61449494649034, 38.62066453447128, 38.61453420249537, 38.65001947639862, 39.274217518549065, 39.5620321544726, 38.61450112300812, 39.274217518549065, 38.64532740372509, 38.61449491276332, 38.607179099140474, 38.65001947639862, inf, 38.61450112300812, 38.61449494747527, 38.61450112300812, 38.61449494649034, 38.61449494747527, 38.648575112491336, 38.65001969018798, 38.614494947676626, 38.64850836129707, 38.65001969018798, 38.61452242996097, 38.61450112300812, 38.620664533486355, 38.61449494747527, 38.61450112300812]
iterations 50
[38.659212110828825, 38.75320202302653, 38.61449494649034, 39.266959602349736, 38.61453420249537, 39.27421754467005, 39.274217518549065, 39.5620321544726, 38.62066453447128, 39.274217518549065, 38.65001969018798, 38.65001947639862, 38.61450112300812, 38.65001947639862, inf, 38.61450112300812, 38.64866761360327, 39.53016101159482, 38.65053873756998, 39.27139219671799, 38.652969984926635, 38.65001969018798, 38.614494947676626, 39.56305377810639, 38.65001969018798, 38.61452242996097, 38.659212110828825, 38.620664533486355, 38.61458877756599, 38.659119522705026]
iterations 51
[38.659212110828825, 38.75320202302653, 38.61449494649034, 39.266959602349736, 39.56104928341304, 39.27421754467005, 39.274217518549065, 39.5620321544726, 38.62066453447128, 39.274217518549065, 38.65001969018798, 38.65001947639862, 39.56305377810639, 39.53016101159482, inf, 39.27139219671799, 38.65001947639862, 39.53016101159482, 38.75320202302653, 39.27139219671799, 39.512607657821206, 38.74059370917468, 38.614494947676626, 39.56305377810639, 39.27139219671799, 39.53016101159482, 38.76214732790494, 39.450588269257395, 38.98607525626889, 38.659119522705026]
iterations 52
[39.56350467664473, 39.27426362149366, 39.27139219671799, 39.53016101159482, 39.56305377810639, 39.56104928341304, 39.56258445055527, 39.5620321544726, 39.56305377810639, 39.274217518549065, 39.53012174078817, 39.451124542477366, 39.56305377810639, 39.53016101159482, inf, 39.27139219671799, 38.65001947639862, 39.53016101159482, 39.27421754467005, 39.56305377810639, 39.512607657821206, 39.5727244687798, 40.22430882462934, 39.56305377810639, 39.66216949676944, 39.53016101159482, 38.76214732790494, 40.228307031603386, 39.55552959565661, 39.27448390517152]
iterations 53
[39.56350467664473, 39.55552959565661, 39.27139219671799, 39.53016101159482, 40.22430882462934, 39.56104928341304, 40.228307031603386, 39.5620321544726, 39.56305377810639, 39.56305377810639, 40.228307031603386, 39.53012174078817, 39.56305377810639, 39.53983730508184, inf, 39.56350467664473, 39.5727244687798, 39.5620321544726, 39.35743760971317, 39.56305377810639, 40.22423043931838, 39.662248021012395, 40.22430882462934, 39.56350467664473, 39.66216949676944, 39.5620321544726, 38.76214732790494, 40.228307031603386, 39.55552959565661, 39.56305377810639]
iterations 54
[39.56350467664473, 39.55552959565661, 40.224112073347285, 39.56370148393963, 40.22430882462934, 39.66216949676944, 40.228307031603386, 39.5620321544726, 39.56305377810639, 40.228307031603386, 40.228307031603386, 39.56350467664473, 39.56305377810639, 39.66216949676944, inf, 39.56350467664473, 39.5727244687798, 39.56350467664473, 39.56301871806159, 40.22830749059852, 40.22423043931838, 39.662248021012395, 40.22430882462934, 39.56350467664473, 40.228307031603386, 39.662248021012395, 39.47302726775297, 40.228307031603386, 39.662248021012395, 39.56305377810639]
iterations 55
[39.56350467664473, 39.55552959565661, 40.22423043931838, 40.224112073347285, 40.228307030002185, 39.66216949676944, 40.228307031603386, 39.56350467664473, 39.56305377810639, 40.228307031603386, 40.228307031603386, 39.56370148393963, 40.23163989028711, 39.66216949676944, inf, 40.228307031603386, 39.662248021012395, 40.224112073347285, 40.228307031603386, 40.22830749059852, 40.22423043931838, 39.662248021012395, 40.22430882462934, 39.56350467664473, 40.228307031603386, 40.228307031603386, 40.22423043931838, 40.228307031603386, 40.230216527509, 39.56305377810639]
iterations 56
[40.228307031603386, 39.66216949676944, 40.228307031603386, 40.230216527509, 40.228307030002185, 40.14628847686044, 40.228307031603386, 39.56350467664473, 40.228307031603386, 40.228307031603386, 40.228307031603386, 40.228307031603386, 40.23163989028711, 39.76764008528893, inf, 40.228307031603386, 40.224112073347285, 40.224112073347285, 40.228307031603386, 40.28676461298614, 40.22423043931838, 40.08112065698115, 40.22430882462934, 40.228307031603386, 40.22830749059852, 40.228307031603386, 40.22423043931838, 40.228307031603386, 40.230216527509, 39.56305377810639]
iterations 57
[40.230216527509, 40.228307031603386, 40.228307031603386, 40.230216527509, 40.228307031603386, 40.228307031603386, 40.228307031603386, 40.228307031603386, 40.228307031603386, 40.228307031603386, 40.22830749059852, 40.228307031603386, 40.23163989028711, 39.76764008528893, inf, 40.228307031603386, 40.228307031603386, 40.228307031603386, 40.228307031603386, 40.28676461298614, 40.22423043931838, 40.08112065698115, 40.22430882462934, 40.22838541418616, 40.28676461298614, 40.228307031603386, 40.22423043931838, 40.25864720420618, 40.230216527509, 40.230216527509]
iterations 58
[40.230216527509, 40.22830749059852, 40.230216527509, 40.230216527509, 40.228307031603386, 40.28676461298614, 40.228307031603386, 40.228307031603386, 40.228307031603386, 40.25864720420618, 40.28676461298614, 40.230216527509, 40.23163989028711, 40.228307031603386, inf, 40.230216527509, 40.228307031603386, 40.23163989028711, 40.28676461298614, 40.28676461298614, 40.228307031603386, 40.228307031603386, 40.230216527509, 40.230216527509, 40.28676461298614, 40.230216527509, 40.28676461298614, 40.25864720420618, 40.2546838357895, 40.230216527509]
iterations 59
[40.25864720420618, 40.23163989028711, 40.23163989028711, 40.25864720420618, 40.23163989028711, 40.28676461298614, 40.228307031603386, 40.228307031603386, 40.230216527509, 40.25864720420618, 40.29688097117336, 40.230216527509, 40.23163989028711, 40.22830749059852, inf, 40.28676461298614, 40.28676461298614, 40.28676461298614, 40.28676461298614, 40.28676461298614, 40.28676461298614, 40.228307031603386, 40.28676461298614, 40.230216527509, 40.28676461298614, 40.25756869477489, 40.28676461298614, 40.25864720420618, 40.28676461298614, 40.25864720420618]
iterations 60
[40.25864720420618, 40.23163989028711, 40.23163989028711, 40.28676461298614, 40.28676461298614, 40.29688097117336, 40.26796022456466, 40.277576186056315, 40.27528319080069, 40.25864720420618, 40.29688097117336, 40.28676461298614, 40.28676461298614, 40.28676461298614, inf, 40.28676461298614, 40.28676461298614, 40.28676461298614, 40.28676461298614, 40.28676461298614, 40.28676461298614, 40.228307031603386, 40.28676461298614, 40.28676461298614, 40.28676461298614, 40.25756869477489, 40.28676461298614, 40.28676461298614, 40.29688097117336, 40.28676461298614]
iterations 61
[40.28676461298614, 40.28676461298614, 40.28676461298614, 40.28676461298614, 40.29688097117336, 40.29688097117336, 40.28676461298614, 40.28676461298614, 40.29688097117336, 40.28676461298614, 40.29688097117336, 40.28676461298614, 40.28676461298614, 40.28676461298614, inf, 40.28676461298614, 40.28676461298614, 40.29688097117336, 40.28676461298614, 40.28676461298614, 40.29688097117336, 40.29688097117336, 40.29688097117336, 40.29688097117336, 40.28676461298614, 40.28676461298614, 40.28676461298614, 40.28676461298614, 40.29688097117336, 40.29688097117336]
iterations 62
[40.28676461298614, 40.29688097117336, 40.29688097117336, 40.29688097117336, 40.29688097117336, 40.29688097117336, 40.29688097117336, 40.28676461298614, 40.29688097117336, 40.29688097117336, 40.29688097117336, 40.28676461298614, 40.29688097117336, 40.29688097117336, inf, 40.28676461298614, 40.28676461298614, 40.29688097117336, 40.29688097117336, 40.29688097117336, 40.29688097117336, 40.29688097117336, 40.29688097117336, 40.29688097117336, 40.29688097117336, 40.29688097117336, 40.28676461298614, 40.29688097117336, 40.29688097117336, 40.29688097117336]
iterations 63
[40.29688097117336, 40.29688097117336, 40.29688097117336, 40.29688097117336, 40.29688097117336, 40.29688097117336, 40.29688097117336, 40.29688097117336, 40.29688097117336, 40.29688097117336, 40.29688097117336, 40.29688097117336, 40.29688097117336, 40.29688097117336, inf, 40.28676461298614, 40.29688097117336, 40.29688097117336, 40.29688097117336, 40.32770920377374, 40.29688097117336, 40.29688097117336, 40.29688097117336, 40.29688097117336, 40.29688097117336, 40.29688097117336, 40.29688097117336, 40.29688097117336, 40.29688097117336, 40.29688097117336]
iterations 64
[40.29688097117336, 40.29688097117336, 40.29688097117336, 40.29688097117336, 40.29688097117336, 40.29688097117336, 40.29688097117336, 40.29688097117336, 40.29688097117336, 40.29688097117336, 40.29688097117336, 40.29688097117336, 40.29688097117336, 40.29688097117336, inf, 40.29688097117336, 40.29688097117336, 40.29688097117336, 40.29688097117336, 40.32770920377374, 40.29688097117336, 40.29688097117336, 40.29688097117336, 40.29688097117336, 40.29688097117336, 40.29688097117336, 40.29688097117336, 40.29688097117336, 40.29688097117336, 40.29688097117336]
iterations 65
[40.29688097117336, 40.29688097117336, 40.29688097117336, 40.29688097117336, 40.29688097117336, 40.29688097117336, 40.29688097117336, 40.29688097117336, 40.29688097117336, 40.29688097117336, 40.29688097117336, 40.29688097117336, 40.29688097117336, 40.29688097117336, inf, 40.32770920377374, 40.29688097117336, 40.29688097117336, 40.29688097117336, 40.32770920377374, 40.29688097117336, 40.29688097117336, 40.29688097117336, 40.29688097117336, 40.29688097117336, 40.29688097117336, 40.29688097117336, 40.29688097117336, 40.29688097117336, 40.29688097117336]
iterations 66
[40.29688097117336, 40.29688097117336, 40.29688097117336, 40.29688097117336, 40.29688097117336, 40.32770920377374, 40.29688097117336, 40.29688097117336, 40.29688097117336, 40.32770920377374, 40.29688097117336, 40.29688097117336, 40.29688097117336, 40.29688097117336, inf, 40.32770920377374, 40.32770920377374, 40.29688097117336, 40.32770920377374, 40.32770920377374, 40.29688097117336, 40.29688097117336, 40.29688097117336, 40.29688097117336, 40.32770920377374, 40.32770920377374, 40.32770920377374, 40.32770920377374, 40.29688097117336, 40.29688097117336]
iterations 67
[40.29688097117336, 40.29688097117336, 40.32770920377374, 40.29688097117336, 40.29688097117336, 40.32770920377374, 40.32770920377374, 40.29688097117336, 40.29688097117336, 40.32770920377374, 40.32770920377374, 40.29688097117336, 40.32770920377374, 40.32770920377374, inf, 40.32770920377374, 40.32770920377374, 40.32770920377374, 40.32770920377374, 40.32770920377374, 40.29688097117336, 40.32770920377374, 40.29688097117336, 40.29688097117336, 40.32770920377374, 40.32770920377374, 40.32770920377374, 40.32770920377374, 40.32664633326302, 40.29688097117336]
iterations 68
[40.29688097117336, 40.29688097117336, 40.32770920377374, 40.32770920377374, 40.29688097117336, 40.32770920377374, 40.32770920377374, 40.29688097117336, 40.29688097117336, 40.32770920377374, 40.32770920377374, 40.29688097117336, 40.32770920377374, 40.32770920377374, inf, 40.32770920377374, 40.32770920377374, 40.32770920377374, 40.32770920377374, 40.32770920377374, 40.32770920377374, 40.32770920377374, 40.32770920377374, 40.32770920377374, 40.32770920377374, 40.32770920377374, 40.32770920377374, 40.32770920377374, 40.32664633326302, 40.29688097117336]
iterations 69
[40.32770920377374, 40.32770920377374, 40.32770920377374, 40.32770920377374, 40.29688097117336, 40.32770920377374, 40.32770920377374, 40.82418688863956, 40.32770920377374, 40.32770920377374, 40.32770920377374, 40.32770920377374, 40.32770920377374, 40.32770920377374, inf, 40.32770920377374, 40.32770920377374, 40.32770920377374, 40.32770920377374, 40.32770920377374, 40.32770920377374, 40.32770920377374, 40.32770920377374, 40.32770920377374, 40.32770920377374, 40.32770920377374, 40.32770920377374, 40.32770920377374, 40.32664633326302, 40.29688097117336]
iterations 70
[40.32770920377374, 40.32770920377374, 40.32770920377374, 40.32770920377374, 40.32770920377374, 40.32770920377374, 40.32770920377374, 40.82418688863956, 40.32770920377374, 40.32770920377374, 40.32770920377374, 40.32770920377374, 40.32770920377374, 40.32770920377374, inf, 40.32770920377374, 40.32770920377374, 40.32770920377374, 40.32770920377374, 40.32770920377374, 40.32770920377374, 40.32770920377374, 40.32770920377374, 40.32770920377374, 40.32770920377374, 40.32770920377374, 40.32770920377374, 40.32770920377374, 40.32770920377374, 40.32770920377374]
iterations 71
[40.32770920377374, 40.32770920377374, 40.32770920377374, 40.32770920377374, 40.32770920377374, 40.32770920377374, 40.32770920377374, 40.82418688863956, 40.32770920377374, 40.32770920377374, 40.32770920377374, 40.32770920377374, 40.32770920377374, 40.32770920377374, inf, 40.32770920377374, 40.32770920377374, 40.32770920377374, 40.32770920377374, 40.32770920377374, 40.823850478646754, 40.328048289423094, 40.32770920377374, 40.32770920377374, 40.32770920377374, 40.82419224961474, 40.32770920377374, 40.32770920377374, 40.32770920377374, 40.32770920377374]
iterations 72
[40.32770920377374, 40.32770920377374, 40.32770920377374, 40.32770920377374, 40.32770920377374, 40.32770920377374, 40.823850478646754, 40.82418688863956, 40.82418688863956, 40.32770920377374, 40.32770920377374, 40.32770920377374, 40.32770920377374, 40.32770920377374, inf, 40.328048289423094, 40.32770920377374, 40.32770920377374, 40.823850478646754, 40.328048289423094, 40.823850478646754, 40.328048289423094, 40.32770920377374, 40.32770920377374, 40.32770920377374, 40.82419224961474, 40.32770920377374, 40.32770920377374, 40.328048289423094, 40.32770920377374]
iterations 73
[40.32770920377374, 40.32770920377374, 40.823850478646754, 40.32770920377374, 40.33518209373357, 40.823850478646754, 40.823850478646754, 40.82418688863956, 40.82418688863956, 40.32770920377374, 40.82419224961474, 40.32770920377374, 40.32770920377374, 40.32770920377374, inf, 40.328048289423094, 40.823850478646754, 40.823850478646754, 40.823850478646754, 40.328048289423094, 40.823850478646754, 40.328048289423094, 40.32770920377374, 40.32770920377374, 40.32770920377374, 40.82419224961474, 40.823850478646754, 40.32770920377374, 40.328048289423094, 40.82418688863956]
iterations 74
[40.82418688863956, 40.823855931782774, 40.823850478646754, 40.823868897298375, 40.33518209373357, 40.823850478646754, 40.823850478646754, 40.83137252092, 40.82418688863956, 40.823850478646754, 40.82419224961474, 40.823850478646754, 40.823850478646754, 40.32770920377374, inf, 40.328048289423094, 40.823850478646754, 40.823850478646754, 40.823850478646754, 40.823850478646754, 40.823850478646754, 40.82418688863956, 40.82419224961474, 40.82419224961474, 40.32770920377374, 40.82419224961474, 40.823850478646754, 40.82418688863956, 40.824186888604224, 40.82418688863956]
iterations 75
[40.82418688863956, 40.82418688863956, 40.82419224961474, 40.823868897298375, 40.33518209373357, 40.823850478646754, 40.823850478646754, 40.83137252092, 40.82418688863956, 40.823850478646754, 40.82419224961474, 40.823850478646754, 40.823850478646754, 40.823850478646754, inf, 40.82419224961474, 40.823850478646754, 40.826894334176195, 40.824186888604224, 40.82419224961474, 40.82418688863956, 40.82419224961474, 40.854173556732555, 40.82419224961474, 40.82419224961474, 40.82419224961474, 40.82419224961474, 40.82418688863956, 40.824186888604224, 40.82418688863956]
