./data/populationFitness/20190924-4-VQD4.txt
iterations 1
[20.7226434615911, 18.873482437096932, 16.796321676254564, 18.89951406348896, 18.393812292229995, 14.105010353216061, 16.34411685873308, 13.13251223682403, 18.75851282627577, 19.59551609253853, 20.15375108156603, 21.6600587234184, 16.44108598451449, 20.0790884214246, 19.7259963816501, 16.91000818998653, 16.425666784422337, 21.918108829930357, 19.60351801283393, 20.487303603881543, 15.39754400990885, 18.787866710373745, 16.832121010133832, 19.304516745990657, 20.568961275078383, 20.2111545128267, 20.228810370204705, 19.374695318325053, 20.068423952490594, 16.45310637941237]
iterations 2
[20.7226434615911, 19.212323365638756, 20.234124904417016, 19.171431640161483, 21.82422161707585, 17.232642910385916, 19.866008238641836, 20.647475731002455, 18.75851282627577, 20.43955347838887, 20.612617240209374, 21.6600587234184, 18.094401657583123, 20.0790884214246, 20.101618307559423, 20.218940710960496, 19.751627514242777, 21.918108829930357, 19.60351801283393, 20.487303603881543, 20.10908393028822, 19.017348918305352, 18.163360745504047, 20.716801029586744, 21.6600587234184, 21.6600587234184, 20.228810370204705, 20.14288424245308, 20.146428067735453, 20.825337902605973]
iterations 3
[20.7226434615911, 20.14288424245308, 20.503105527794897, 19.57269065634013, 21.82422161707585, 20.7514354554664, 20.973766572669913, 21.6270383978126, 20.16810979444369, 21.415515956745075, 20.612617240209374, 21.6600587234184, 23.14120098510078, 20.49080038396767, 20.101618307559423, 20.262526252631865, 19.769339339503798, 21.918108829930357, 20.811157453937696, 22.7174591973937, 21.95912074110967, 20.888842397861687, 20.39926559190087, 21.405088886333665, 21.775561546721097, 21.6600587234184, 20.7226434615911, 20.825337902605973, 21.918108829930357, 21.918108829930357]
iterations 4
[20.7226434615911, 20.612617240209374, 23.14120098510078, 23.14120098510078, 21.918108829930357, 21.6270383978126, 22.383548256465314, 21.814901618854503, 21.405118875419316, 21.918123804667484, 21.6270383978126, 21.918108829930357, 23.14120098510078, 20.49080038396767, 23.773297893240223, 21.562698406378832, 21.911413229466795, 21.918108829930357, 23.134270480893647, 22.7174591973937, 21.95912074110967, 20.888842397861687, 21.423467766208567, 21.669534260484618, 22.28819427814512, 21.6600587234184, 21.98685128496279, 21.134546561177903, 21.918108829930357, 21.918108829930357]
iterations 5
[23.14120098510078, 23.14120098510078, 23.531046853802945, 23.14120098510078, 21.938602573677223, 21.6270383978126, 22.383548256465314, 21.814901618854503, 23.14120098510078, 23.14120098510078, 21.918108829930357, 23.151481109731634, 23.14120098510078, 21.918108829930357, 23.773297893240223, 21.5700067924254, 21.918108829930357, 23.14120098510078, 23.134270480893647, 23.778082406123673, 21.978776519422496, 21.802906178955006, 21.6270383978126, 22.28819427814512, 23.140101956708463, 21.91950655434887, 23.768606471181357, 21.82817920042559, 21.918108829930357, 23.134270480893647]
iterations 6
[23.15844348512822, 23.14120098510078, 24.108369317229005, 23.14120098510078, 23.14120098510078, 23.14120098510078, 22.383548256465314, 23.14120098510078, 23.14120098510078, 23.14120098510078, 22.99663030150841, 24.45194575856959, 23.14120098510078, 22.97720639124359, 23.85979651832112, 23.483121789036794, 21.918108829930357, 23.755269850226508, 23.674190514109462, 23.778082406123673, 23.134270480893647, 23.140101956708463, 21.978776519422496, 23.14120098510078, 23.14120098510078, 23.14120098510078, 23.768606471181357, 22.329521775543704, 23.14120098510078, 23.14120098510078]
iterations 7
[24.451197255987168, 23.674347259330336, 24.108369317229005, 23.22510680414065, 23.218621469431124, 23.216662135782077, 23.456687232964036, 23.16155423783907, 24.348470351821167, 23.73360773872675, 23.302388998901694, 24.45194575856959, 24.27688070493552, 23.121174448575896, 24.154953647314134, 24.539039056433214, 23.15844348512822, 23.755269850226508, 23.674190514109462, 23.778082406123673, 23.134270480893647, 23.140101956708463, 23.7832024138173, 24.433276165309582, 24.597817695928487, 23.331798550836904, 23.768606471181357, 23.14120098510078, 23.14120098510078, 23.14120098510078]
iterations 8
[24.451197255987168, 23.69203940526751, 24.108369317229005, 23.733363919936473, 24.56693118761977, 23.967717511330655, 24.448502218491413, 23.16155423783907, 24.348470351821167, 24.707007115457095, 23.850176506255696, 24.45194575856959, 24.27688070493552, 23.2687700662653, 24.43015632132079, 24.539039056433214, 23.654485390966855, 24.592780947791294, 23.92459512886722, 24.29236408248976, 23.777725956444534, 24.458620591908783, 23.7832024138173, 24.433276165309582, 24.597817695928487, 23.75533469871844, 23.78473232061655, 24.430664992247465, 24.598495228650044, 24.451127249874425]
iterations 9
[24.451197255987168, 24.025888604368053, 24.108369317229005, 24.129899253724837, 24.56693118761977, 24.283230910700738, 24.448502218491413, 23.16155423783907, 24.348470351821167, 24.707007115457095, 24.430155941088035, 24.45194575856959, 24.802347723097345, 24.156272124481298, 24.435278720518696, 24.539039056433214, 24.564631330019253, 24.592780947791294, 24.62375403709527, 24.29236408248976, 24.78759306378887, 24.458620591908783, 24.59826578405302, 24.451261845662103, 24.597817695928487, 24.945082869210918, 24.435410004044154, 24.430664992247465, 24.598495228650044, 24.451127249874425]
iterations 10
[24.819896536965704, 24.221894130877672, 24.645143567108835, 24.129899253724837, 25.123255867917948, 24.556280111336427, 24.564627613843047, 24.94512097755926, 24.711248019858647, 24.937850068604817, 24.79845776250998, 24.934090776950747, 24.802347723097345, 24.592782946651994, 24.446696332624516, 24.539039056433214, 24.564631330019253, 24.64219249586717, 24.62375403709527, 24.598257806651112, 24.78759306378887, 24.458620591908783, 24.59826578405302, 24.624266443379987, 24.78759306378887, 24.945082869210918, 24.78759306378887, 24.945082869210918, 24.598495228650044, 24.451127249874425]
iterations 11
[24.94512097755926, 24.945082869210918, 25.152597237687363, 24.999363084809687, 25.123255867917948, 24.937850068604817, 24.62724168605794, 24.94512097755926, 24.90389471868537, 24.937850068604817, 24.969661541290407, 24.934090776950747, 24.912069026711873, 24.836765489531395, 24.59818730239986, 24.616546982954635, 25.16171011062707, 24.76087682559994, 24.72111709552302, 24.598257806651112, 24.980761004322034, 24.566657639856167, 24.817164604816092, 25.11803728534924, 24.78759306378887, 25.37977947627966, 24.78759306378887, 24.945082869210918, 24.598495228650044, 24.792190949151028]
iterations 12
[24.94512097755926, 24.945082869210918, 25.152597237687363, 24.999363084809687, 25.123255867917948, 25.11803728534924, 24.909308261671207, 24.94512097755926, 24.90389471868537, 25.28542539154845, 24.999363084809687, 24.980761004322034, 25.01039708340231, 25.008937419618892, 24.73517962931583, 24.945082869210918, 25.16171011062707, 25.26966602069447, 25.057844596559292, 24.598257806651112, 24.980761004322034, 24.836726110783996, 24.817164604816092, 25.11803728534924, 24.981573954098746, 25.37977947627966, 24.945082869210918, 25.37977947627966, 25.677585443925047, 24.97813562711951]
iterations 13
[25.067468690691, 25.163744116056474, 25.205857010433434, 24.999363084809687, 25.123255867917948, 25.11803728534924, 25.26291474959054, 25.16332992898502, 24.90389471868537, 25.28542539154845, 25.093570027528944, 26.117507939190514, 25.01039708340231, 25.008937419618892, 24.945082869210918, 25.057844596559292, 25.372112337019793, 25.26966602069447, 25.097303602070085, 25.02253615788878, 25.37977947627966, 25.677585443925047, 24.999363084809687, 25.11803728534924, 24.981573954098746, 25.37977947627966, 25.008937419618892, 25.37977947627966, 25.677585443925047, 25.28542539154845]
iterations 14
[25.067468690691, 25.754701178662874, 25.288065057153243, 25.347413195443945, 25.29057691236949, 25.1623195959219, 25.548211417003944, 25.26540346878807, 25.66434434949231, 25.760640121953784, 25.37977947627966, 26.117507939190514, 26.088085971406617, 25.27978639997424, 25.273165155347428, 25.22201908762701, 26.204211043684694, 25.26966602069447, 25.384480833267794, 25.164976037074542, 25.37977947627966, 25.677585443925047, 25.37977947627966, 25.11803728534924, 25.28542539154845, 26.117507939190514, 25.29465889140192, 25.37977947627966, 25.677585443925047, 25.28542539154845]
iterations 15
[25.29465889140192, 25.754701178662874, 25.677585443925047, 25.384480833267794, 26.175571767008925, 25.393655413488723, 25.548211417003944, 25.30859000044394, 25.66434434949231, 26.142341309969087, 25.533644911834397, 26.117507939190514, 26.117507939190514, 25.384480833267794, 25.273165155347428, 25.266937680217357, 26.204211043684694, 25.755198223811643, 25.848774925100383, 26.129348995410417, 25.66434434949231, 25.677585443925047, 25.37977947627966, 25.37977947627966, 25.754701178662874, 26.204211043684694, 25.754701178662874, 25.548211417003944, 25.677585443925047, 25.37977947627966]
iterations 16
[25.533644911834397, 26.204211043684694, 25.87937932651911, 25.384480833267794, 26.330657732736356, 25.755198223811643, 25.548211417003944, 26.31393664436095, 25.66434434949231, 26.142341309969087, 25.533644911834397, 26.117507939190514, 26.117507939190514, 26.175571767008925, 26.142341309969087, 25.37977947627966, 26.204211043684694, 25.79470513499507, 25.848774925100383, 26.129348995410417, 25.677585443925047, 26.117507939190514, 25.37977947627966, 25.548211417003944, 26.204211043684694, 26.204211043684694, 26.052738367019863, 25.87688814944964, 26.205478966773665, 25.811788146077838]
iterations 17
[25.548211417003944, 26.204211043684694, 26.0789897126096, 25.580726367927245, 26.330657732736356, 25.87937932651911, 25.548211417003944, 26.685477484875612, 26.213259804492587, 26.142341309969087, 25.814599057671664, 26.142341309969087, 26.204211043684694, 26.204211043684694, 26.142341309969087, 26.205478966773665, 26.204211043684694, 25.79470513499507, 26.142341309969087, 26.129348995410417, 26.117507939190514, 26.117507939190514, 26.20419858516638, 26.313951524351623, 26.635789967341594, 26.204211043684694, 26.204211043684694, 26.129348995410417, 26.205478966773665, 26.142341309969087]
iterations 18
[26.204211043684694, 26.213259804492587, 26.0789897126096, 25.814599057671664, 26.330657732736356, 26.204211043684694, 25.87937932651911, 26.685477484875612, 26.213259804492587, 26.58906091636464, 26.204211043684694, 26.635789967341594, 26.204211043684694, 26.204211043684694, 26.635789967341594, 26.205478966773665, 26.204211043684694, 26.142341309969087, 26.722711607769813, 26.75808933591978, 26.330657732736356, 26.204211043684694, 26.20419858516638, 26.313951524351623, 26.635789967341594, 26.313951524351623, 26.685524162512316, 26.20352113213665, 26.205478966773665, 26.142341309969087]
iterations 19
[26.762348211034904, 26.720985861432087, 26.330657732736356, 26.330657732736356, 26.588157050105266, 26.635789967341594, 26.685477484875612, 26.685477484875612, 26.313951524351623, 26.58906091636464, 26.609809601012003, 26.635789967341594, 26.204211043684694, 26.330657732736356, 26.635789967341594, 26.205478966773665, 26.204211043684694, 26.142341309969087, 26.722711607769813, 26.75808933591978, 26.330657732736356, 26.204211043684694, 26.313951524351623, 26.313951524351623, 26.685524162512316, 26.313951524351623, 26.685524162512316, 26.205478966773665, 26.205478966773665, 26.313951524351623]
iterations 20
[26.762348211034904, 26.738305779041724, 26.609809601012003, 26.635789967341594, 26.588157050105266, 26.76633025183356, 26.685477484875612, 26.685477484875612, 26.697401946561264, 26.58906091636464, 26.609809601012003, 26.775956960774824, 26.610641681754466, 26.635875519568742, 26.635789967341594, 26.603420226936553, 26.583562699395383, 26.142341309969087, 26.722711607769813, 26.75808933591978, 26.335647009292938, 26.58038124047832, 26.313951524351623, 26.720985861432087, 26.685540348784702, 26.85330115174213, 26.901542444635293, 26.205478966773665, 26.29723756657852, 26.34292963890416]
iterations 21
[26.762348211034904, 26.738305779041724, 26.65685649397839, 26.68396139041945, 27.367598670969677, 26.76633025183356, 26.722711607769813, 26.901542444635293, 26.697401946561264, 26.843459567031953, 26.68740415433395, 26.775956960774824, 26.897994080401702, 26.635875519568742, 26.6854554809984, 26.901580032387056, 26.720985861432087, 26.901542444635293, 26.722711607769813, 26.83964523786781, 26.598694316298953, 26.592518266446625, 26.720985861432087, 26.720985861432087, 26.738566743707832, 27.022626296678443, 26.901542444635293, 26.779013755634065, 26.720985861432087, 26.58906091636464]
iterations 22
[26.9018007810837, 26.738305779041724, 26.65685649397839, 26.68396139041945, 27.367598670969677, 26.776021505513903, 26.901542444635293, 26.901542444635293, 26.840394343964874, 27.554212717239135, 26.72249971914019, 26.775956960774824, 26.897994080401702, 27.339011769536402, 26.900214153196938, 26.901580032387056, 26.720985861432087, 26.901542444635293, 26.738566727108378, 26.83964523786781, 26.68562545924649, 26.741386961126885, 26.88868788624543, 26.740971027290442, 26.738566743707832, 27.3679330334664, 26.901542444635293, 27.367871964202504, 27.436594654013533, 26.84324774145006]
iterations 23
[27.436648570536068, 27.367934710827754, 26.840394343964874, 26.901542444635293, 27.367598670969677, 27.37821874699425, 27.339476101117597, 27.69445326405877, 26.903846741528497, 27.554212717239135, 26.72249971914019, 26.775956960774824, 27.36810563342505, 27.339011769536402, 26.900214153196938, 26.901580032387056, 26.775956960774824, 26.901580032387056, 27.339011769536402, 26.900214153196938, 26.901580032387056, 26.741386961126885, 26.905506814682568, 27.462182213130973, 27.554075216503783, 27.3679330334664, 27.559323324248755, 27.367871964202504, 27.436594654013533, 26.84324774145006]
iterations 24
[27.69445326405877, 27.868975247698224, 27.462615341139603, 27.436637274115743, 27.559230798242236, 27.554198123845385, 27.55932315338039, 27.69445326405877, 27.233197956539, 27.554212717239135, 27.367934496512774, 27.436626598071726, 27.553156755433708, 27.368834384271096, 27.367603507396716, 27.36812241539438, 27.384531735895305, 26.986487939698115, 27.628180456211066, 26.900214153196938, 27.342881964194337, 28.016217308665148, 26.905506814682568, 27.688354492206237, 27.554099522393187, 27.3679330334664, 27.559323324248755, 27.367871964202504, 27.436594654013533, 27.552943161158648]
iterations 25
[27.69445326405877, 27.868975247698224, 27.462615341139603, 27.694267232781034, 28.01621805700356, 27.95633419162874, 27.55932315338039, 27.69445326405877, 27.628180691888733, 27.559323850132355, 27.55932315338039, 27.55932315338039, 27.55934684805577, 27.86885783742919, 27.688363987374785, 27.43670659792916, 27.384531735895305, 27.36793449665704, 27.628180456211066, 27.694397140064037, 27.7492066461637, 28.016217308665148, 27.553156755433708, 27.688354492206237, 27.5587513658535, 27.43730351127543, 27.559323324248755, 28.017646131106897, 27.694448295476185, 27.559328613700455]
iterations 26
[28.01621805700356, 27.868975247698224, 28.01761718502322, 27.694267232781034, 28.01621805700356, 27.95633419162874, 28.02404516519116, 27.786186522826902, 27.868854589110512, 27.559333251284524, 27.688036615167984, 27.872924267062544, 27.592015634652043, 27.980583660522434, 27.86885738130742, 28.016218609716045, 27.692417438241804, 27.561382457291298, 27.69445326405877, 27.694397140064037, 27.7492066461637, 28.016217308665148, 27.6944456666462, 27.868977187774888, 27.5587513658535, 28.017648616291822, 27.559323324248755, 28.017646131106897, 27.694448295476185, 27.701661272488376]
iterations 27
[28.01621805700356, 27.872924136171374, 28.01795063346108, 28.017646131106897, 28.01761718502322, 28.017646131106897, 28.02404516519116, 28.017648616291822, 27.95633419162874, 27.95633419162874, 28.01621805700356, 28.017648616291822, 28.02404523988676, 27.980583660522434, 28.017663462282197, 28.016218609716045, 27.69438374076134, 27.561382457291298, 28.014099758113574, 28.02034471251028, 28.017646001623202, 28.016217308665148, 27.872924267062544, 27.868977187774888, 27.86885739114661, 28.017648616291822, 28.027829672200273, 28.017646131106897, 27.86885739037025, 28.016217287208313]
iterations 28
[28.01621805700356, 27.872924136171374, 28.01795063346108, 28.017646131106897, 28.017646131106897, 28.017648616291822, 28.02404516519116, 28.017663462282197, 28.017643441862024, 28.02784115490587, 28.0176461460743, 28.017648616291822, 28.02404523988676, 27.980583660522434, 28.017663462282197, 28.027829612701538, 28.02404528827682, 28.017648600856088, 28.0176486454525, 28.02404521599103, 28.017648616291822, 28.017646001623202, 28.027829639833527, 28.017648656022644, 28.01621805700356, 28.02587925802641, 28.027829672200273, 28.027829676978946, 28.024045270581773, 28.02782964174344]
iterations 29
[28.025879293240955, 28.02782960933245, 28.02782964174344, 28.02782964174344, 28.024045288781185, 28.02782964321209, 28.025558359964066, 28.017663462282197, 28.025494130664356, 28.02784115490587, 28.017648654343486, 28.027829637068816, 28.02404523988676, 28.017648656022644, 28.024045178223332, 28.027829612701538, 28.02784122115276, 28.23208681162347, 28.0176486454525, 28.02404521599103, 28.017648616291822, 28.027829695487227, 28.027829751619944, 28.017663479898474, 28.017648656022644, 28.02587925802641, 28.027829672200273, 28.027829676978946, 28.024045270581773, 28.02782964174344]
iterations 30
[28.025879293240955, 28.027841159680783, 28.02782964175797, 28.027841154908156, 28.025879293240955, 28.02782964321209, 28.027841170750374, 28.025879248050003, 28.23208681162347, 28.02784115490587, 28.024045298847216, 28.027829637068816, 28.027829751619944, 28.027829612701538, 28.024045178223332, 28.336856482631795, 28.02784122115276, 28.23208681162347, 28.02587925802641, 28.02404521599103, 28.027829641769788, 28.027829695487227, 28.71308288683769, 28.027829671960333, 28.017648656022644, 28.02782964174344, 28.027829672200273, 28.027829676978946, 28.02782964199685, 28.23208681070617]
iterations 31
[28.027829751619944, 28.71308288683769, 28.02784131878691, 28.23208676492425, 28.23208681070617, 28.336856482631795, 28.027841170750374, 28.025879248050003, 28.23208681162347, 28.71308288683769, 28.02782969712372, 28.0278297514483, 28.027841160734386, 28.027829675933503, 28.027829675393807, 28.336856482631795, 28.593058607913324, 28.285427391509806, 28.027829671960333, 28.027829671960333, 28.713083021549508, 28.027841028830363, 28.71308288683769, 28.336856482631795, 28.02782967704309, 28.027829642183555, 28.027829672200273, 28.232086815850952, 28.02782964199685, 28.32906971646177]
iterations 32
[28.027829751619944, 28.713082891845264, 28.56631119534206, 28.23208676492425, 28.23208681070617, 28.713083043673333, 28.027841170750374, 28.336856482631795, 28.245415915007833, 28.71308288683769, 28.027841168297886, 28.71308288978016, 28.593058607913324, 28.713083021549508, 28.336856484997003, 28.336856482631795, 28.69910650530717, 28.350192958811054, 28.0278410232411, 28.027829671960333, 28.713083021549508, 28.027841028830363, 28.71308288683769, 28.593058629469507, 28.336856438299424, 28.027841316753868, 28.027956278991127, 28.336701178488184, 28.23208676492425, 28.336856482631795]
iterations 33
[28.245415915007833, 28.713082891845264, 28.56631119534206, 28.71308304674662, 28.71308288978016, 28.713083043673333, 28.71308288683769, 28.71308288978016, 28.713083043673333, 28.713083043673333, 28.33685644505842, 28.71308288978016, 28.593058607913324, 28.713083021549508, 28.336856489883065, 28.699106458234894, 28.69910650530717, 28.350192958811054, 28.17855862799538, 28.302139573552548, 28.713083021549508, 28.593058607913324, 28.71308288683769, 28.593058629469507, 28.713083028316674, 28.122036900998157, 28.71308288978016, 28.713082891845264, 28.713083028316674, 28.336856482631795]
iterations 34
[28.593058607913324, 28.713082891845264, 28.713082891845264, 28.71308304674662, 28.713083021549508, 28.713083043673333, 28.71308288683769, 28.71308288978016, 28.713083043673333, 28.713083043673333, 28.713083043673333, 28.71308288978016, 28.71308288683769, 28.713083021549508, 28.71308304674662, 28.71308288978016, 28.713083043673333, 28.713083043673333, 28.71308288978016, 28.71308288683769, 28.713083021549508, 28.713083028316674, 28.71308288683769, 28.699106458234894, 28.713083028316674, 28.71308302734609, 28.71308288978016, 28.713083028316674, 28.713083028316674, 28.713083021549508]
iterations 35
[28.593058607913324, 28.713082891845264, 28.713083021549508, 28.71308304674662, 28.713083021549508, 28.713083043673333, 28.713083021549508, 28.713083043673333, 28.713083043673333, 28.713083043673333, 28.71308304674662, 28.71308288978016, 28.713082891845264, 28.713083021549508, 28.71308304674662, 28.713082891845264, 28.713083043673333, 28.713083043673333, 28.71308288978016, 28.713083028316674, 28.713083043673333, 28.713083043673333, 28.713083043673333, 28.713083028316674, 28.713083028316674, 28.713083043673333, 28.713083021549508, 28.713083028316674, 28.713083028316674, 28.713083043673333]
iterations 36
[28.713083043673333, 28.713082891845264, 28.713083028316674, 28.71308304674662, 28.713083043673333, 28.71308304674662, 28.71308304674662, 28.713083043673333, 28.71308304674662, 28.713083043673333, 28.71308304674662, 28.713083043673333, 28.71308304674662, 28.713083028316674, 28.71308304674662, 28.713083021549508, 28.713083043673333, 28.713083043673333, 28.713083043673333, 28.713083043673333, 28.713083043673333, 28.71308304674662, 28.713083043673333, 28.7130830504405, 28.713083043673333, 28.71308304674662, 28.713083028316674, 28.713083028316674, 28.713083043673333, 28.713083043673333]
iterations 37
[28.713083043673333, 28.71308304674662, 28.713083028316674, 28.713083068870443, 28.713083043673333, 28.71308304674662, 28.71308304674662, 28.713083043673333, 28.71308304674662, 28.71308304674662, 28.71308304674662, 28.713083043673333, 28.71308306307386, 28.713083028316674, 28.71308304674662, 28.713083043673333, 28.71308304674662, 28.713083043673333, 28.7130830504405, 28.713083043673333, 28.7130830504405, 28.71308304674662, 28.713083043673333, 28.7130830504405, 28.713083043673333, 28.71308304674662, 28.71308304674662, 28.713083028316674, 28.71308304674662, 28.713083043673333]
iterations 38
[28.713083043673333, 28.713083068870443, 28.713083043673333, 28.713083068870443, 28.71308304674662, 28.71308304674662, 28.71308304674662, 28.713083068870443, 28.71308304674662, 28.71308304674662, 28.71308304674662, 28.713083043673333, 28.71308306307386, 28.71308304674662, 28.7130830504405, 28.71308306307386, 28.71308304674662, 28.713083043673333, 28.7130830504405, 28.713083043673333, 28.7130830504405, 28.7130830504405, 28.7130830504405, 28.7130830504405, 28.71308304674662, 28.71308304674662, 28.71308304674662, 28.713083043673333, 28.71308304674662, 28.71308304674662]
iterations 39
[28.7130830504405, 28.713083068870443, 28.71308304674662, 28.713083068870443, 28.71308304674662, 28.71308304674662, 28.71308304674662, 28.713083068870443, 28.71308304674662, 28.713083068870443, 28.71308304674662, 28.71308304674662, 28.71308306307386, 28.713083068870443, 28.713083068870443, 28.71308306307386, 28.7130830504405, 28.7130830504405, 28.7130830504405, 28.7130830504405, 28.713083068870443, 28.7130830504405, 28.7130830504405, 28.7130830504405, 28.7130830504405, 28.71308304674662, 28.71308304674662, 28.7130830504405, 28.71308304674662, 28.713083068870443]
iterations 40
[28.713083068870443, 28.713083068870443, 28.7130830504405, 28.713083068870443, 28.7130830504405, 28.7130830504405, 28.713083068870443, 28.713083068870443, 28.713083068870443, 28.713083068870443, 28.713083068870443, 28.71308304674662, 28.713083068870443, 28.713083068870443, 28.713083068870443, 28.71308306307386, 28.7130830504405, 28.713083068870443, 28.713083068870443, 28.713083068870443, 28.713083068870443, 28.7130830504405, 28.7130830504405, 28.713083068870443, 28.7130830504405, 28.713083068870443, 28.713083068870443, 28.7130830504405, 28.7130830504405, 28.713083068870443]
iterations 41
[28.713083068870443, 28.713083068870443, 28.713083068870443, 28.713083068870443, 28.713083068870443, 28.713083068870443, 28.713083068870443, 28.713083068870443, 28.713083068870443, 28.713083068870443, 28.713083068870443, 28.713083068870443, 28.713083068870443, 28.713083068870443, 28.713083068870443, 28.71308306307386, 28.713083068870443, 28.713083068870443, 28.713083068870443, 28.713083068870443, 28.713083068870443, 28.713083068870443, 28.713083068870443, 28.713083068870443, 28.713083068870443, 28.713083068870443, 28.713083068870443, 28.713083068870443, 28.713083068870443, 28.713083068870443]
iterations 42
[28.713083068870443, 28.713083068870443, 28.713083068870443, 28.713083068870443, 28.713083068870443, 28.713083068870443, 28.713083068870443, 28.713083068870443, 28.713083068870443, 28.713083068870443, 28.713083068870443, 28.713083068870443, 28.713083068870443, 28.713083068870443, 28.713083068870443, 28.713083068870443, 28.713083068870443, 28.713083068870443, 28.713083068870443, 28.713083068870443, 28.713083068870443, 28.713083068870443, 28.713083068870443, 28.713083068870443, 28.713083068870443, 28.713083068870443, 28.713083068870443, 28.713083068870443, 28.713083068870443, 28.713083068870443]
iterations 43
[28.713083068870443, 28.713083068870443, 28.713083068870443, 28.713083068870443, 28.713083068870443, 28.713083068870443, 28.713083068870443, 28.713083068870443, 28.713083068870443, 28.713083068870443, 28.713083068870443, 28.713083068870443, 28.713083068870443, 28.713083068870443, 28.713083068870443, 28.713083068870443, 28.713083068870443, 28.713083068870443, 28.713083068870443, 28.713083068870443, 28.713083068870443, 28.713083068870443, 28.713083068870443, 28.713083068870443, 28.713083068870443, 28.713083068870443, 28.713083068870443, 28.713083068870443, 28.713083068870443, 28.713083068870443]
iterations 44
[28.713083068870443, 28.713083068870443, 28.713083068870443, 28.713083068870443, 28.762602881919246, 28.713083068870443, 28.713083068870443, 28.713083068870443, 28.713083068870443, 28.713083068870443, 28.713083068870443, 28.713083068870443, 28.713083068870443, 28.713083068870443, 28.713083068870443, 28.713083068870443, 28.713083068870443, 28.713083068870443, 28.713083068870443, 28.713083068870443, 28.713083068870443, 28.713083068870443, 28.713083068870443, 28.713083068870443, 28.713083068870443, 28.713083068870443, 28.713083068870443, 28.713083068870443, 28.713083068870443, 28.713083068870443]
iterations 45
[28.713083068870443, 28.713083068870443, 28.713083068870443, 28.713083068870443, 28.762602881919246, 28.713083068870443, 28.713083068870443, 28.713083068870443, 28.713083068870443, 28.713083068870443, 28.713083068870443, 28.713083068870443, 28.713083068870443, 28.713083068870443, 28.713083068870443, 28.75865343607033, 28.713083068870443, 28.713083068870443, 28.713083068870443, 28.713083068870443, 28.713083068870443, 28.713083068870443, 28.713083068870443, 28.713083068870443, 28.713083068870443, 28.713083068870443, 28.713083068870443, 28.713083068870443, 28.713083068870443, 28.713083068870443]
iterations 46
[28.713083068870443, 28.713083068870443, 28.713083068870443, 28.75865343607033, 28.762602881919246, 28.713083068870443, 28.713083068870443, 28.713083068870443, 28.713083068870443, 28.713083068870443, 28.713083068870443, 28.713083068870443, 28.713083068870443, 28.713083068870443, 28.800302726490642, 28.75865343607033, 28.713083068870443, 28.713083068870443, 28.713083068870443, 28.713083068870443, 28.713083068870443, 28.798749786825656, 28.713083068870443, 28.713083068870443, 28.713083068870443, 29.06469153825312, 28.713083068870443, 28.713083068870443, 28.713083068870443, 28.713083068870443]
iterations 47
[28.75865343607033, 28.713083068870443, 28.713083068870443, 28.75865343607033, 28.762602881919246, 28.758075419043223, 28.7182472048857, 28.758240204373163, 28.713083068870443, 28.713083068870443, 29.06469153825312, 28.713083068870443, 28.713083068870443, 28.713083068870443, 28.800302726490642, 28.75865343607033, 28.758240204373163, 28.80399140026524, 28.713083068870443, 29.57364613431965, 28.713083068870443, 28.798749786825656, 28.762602881919246, 28.75865343607033, 28.75865343607033, 29.06469153825312, 28.713083068870443, 28.713083068870443, 29.844108271488384, 28.713083068870443]
iterations 48
[28.75865343607033, 29.06400155446735, 29.57364613431965, 28.800302726490642, 28.762602881919246, 29.06469153825312, 28.762602881919246, 28.762602881919246, 28.758075419043223, 28.75865343607033, 29.06469153825312, 28.80399140026524, 29.06469153825312, 28.762602881919246, 28.800302726490642, 28.75865343607033, 28.758240204373163, 28.80399140026524, 29.065818759301486, 29.57364613431965, 28.713083068870443, 29.05181012198627, 28.80118361270226, 28.981919125208687, 28.75865343607033, 29.06469153825312, 29.06469153825312, 28.758240204373163, 29.844108271488384, 29.571310817360057]
iterations 49
[28.762602881919246, 29.06400155446735, 29.711082570360713, 28.800302726490642, 29.57364613431965, 29.844108271488384, 28.762602881919246, 29.065818759301486, 29.329547725279916, 29.06469153825312, 29.57364613431965, 28.80399140026524, 29.06469153825312, 29.058395304970958, 29.844108271488384, 28.75865343607033, 29.562811443978383, 28.941354245495308, 29.85174731464552, 29.57364613431965, 28.762602881919246, 29.065818759301486, 29.06469153825312, 28.981919125208687, 29.57364613431965, 29.06469153825312, 29.06469153825312, 28.758240204373163, 29.844108271488384, 29.571310817360057]
iterations 50
[29.06469153825312, 29.76269971454934, 29.711082570360713, 29.065818759301486, 29.85174731464552, 29.844108271488384, 29.06400155446735, 29.85174731464552, 29.447122770749132, 29.108576922079095, 29.57364613431965, 29.065818759301486, 29.06469153825312, 29.06469153825312, 29.844108271488384, 29.57364613431965, 29.562811443978383, 28.941354245495308, 29.85174731464552, 29.57364613431965, 28.80399140026524, 29.065818759301486, 29.57364613431965, 29.57364613431965, 29.57364613431965, 29.844108271488384, 29.844108271488384, 29.844108271488384, 29.844108271488384, 29.571310817360057]
