./data/populationFitness/20190926-5-VQD5.txt
iterations 2
[16.27895916158662, 18.549296610044568, 20.37145212166838, 20.212086711684925, 14.969015519447012, 17.49889448018899, 15.624267010435384, 16.947815857842755, 21.742904882371054, 22.387892581663813, 17.817378024016232, 13.84197871645421, 19.685511069291756, 17.259564390651207, 19.0192761425849, 17.858833232429898, 19.80772253731132, 16.795588006054963, 18.013851587130237, 19.78915244159768, 18.029363807773287, 20.145487074014717, 18.011186241085976, 18.33162671852087, 17.939836816594998, 19.358163952495453, 18.49503223364075, 22.25545199804002, 15.287765447151797, 16.91480947537662]
iterations 3
[19.617447048750886, 18.549296610044568, 21.423922609829532, 22.00410858991712, 19.755766874558855, 18.8657284140681, 17.668158897862167, 22.48553951436106, 21.742904882371054, 22.387892581663813, 17.817378024016232, 20.372146492041026, 19.773804854240527, 19.053028331535, 20.223107690008153, 22.249149504048603, 19.80772253731132, 20.129225911222395, 19.927354516972752, 20.346416099818644, 18.029363807773287, 20.145487074014717, 19.50758116173506, 19.82097552084688, 19.230781702734106, 19.358163952495453, 21.64080831453058, 22.25545199804002, 17.75889278046528, 20.113198191161196]
iterations 4
[19.83487118417979, 22.43535982285806, 21.458363153094634, 22.370474230190077, 22.499509852344474, 19.76796799679142, 21.333638543081637, 22.48553951436106, 21.742904882371054, 22.387892581663813, 21.75690885531117, 20.372146492041026, 22.265940633641435, 22.20914670508252, 20.37150190567339, 22.249149504048603, 19.80772253731132, 22.560697576882003, 20.413485673912028, 22.649573937837886, 22.566682560027868, 20.145487074014717, 21.880682164062268, 22.37894974120899, 21.45341387533569, 19.990199452873853, 21.64080831453058, 22.25545199804002, 22.63653805471062, 20.113198191161196]
iterations 5
[22.63653805471062, 22.43535982285806, 22.226369465501772, 22.370474230190077, 22.499509852344474, 19.76796799679142, 22.37894974120899, 22.48553951436106, 22.555915682152197, 22.387892581663813, 21.75690885531117, 22.710324865870497, 22.563351354512594, 22.496856074714994, 22.582510866031566, 22.249149504048603, 22.5042666200652, 22.560697576882003, 21.042500451778942, 23.0285473575469, 22.566682560027868, 21.92816048837207, 22.935601424491704, 22.37894974120899, 21.45341387533569, 22.269149815416068, 22.402864524217488, 22.566008722426876, 22.63653805471062, 20.113198191161196]
iterations 6
[22.63653805471062, 22.43535982285806, 22.292065085548575, 22.942951835170874, 22.56203035582631, 22.85911058302646, 22.63653805471062, 22.48553951436106, 22.555915682152197, 22.710324865870497, 22.518228558925628, 22.710324865870497, 22.704787941035992, 22.496856074714994, 22.582510866031566, 22.249149504048603, 22.5042666200652, 22.582510866031566, 22.499509852344474, 23.038304815808456, 22.566682560027868, 22.37894974120899, 22.935601424491704, 22.43535982285806, 22.563351354512594, 22.935601424491704, 23.029103379820704, 22.72861719927155, 22.63653805471062, 22.641892499616105]
iterations 7
[22.942951835170874, 22.942951835170874, 22.710324865870497, 22.942951835170874, 22.56203035582631, 22.85911058302646, 22.63788091068017, 22.48553951436106, 22.935601424491704, 23.16716977237056, 22.561988494696827, 22.957959059586297, 22.85911058302646, 22.935601424491704, 22.582510866031566, 22.496856074714994, 22.5042666200652, 22.582510866031566, 23.864213730233615, 23.038304815808456, 22.710324865870497, 22.63653805471062, 22.935601424491704, 22.935550498705403, 22.563351354512594, 22.935601424491704, 23.029103379820704, 22.72861719927155, 22.63653805471062, 22.641892499616105]
iterations 8
[23.199938113342533, 22.961308054117644, 23.23549558355509, 22.942951835170874, 22.935601424491704, 22.935601424491704, 23.026915733732576, 22.859140596854377, 23.16716977237056, 23.16716977237056, 22.885361889260743, 22.957959059586297, 22.85911058302646, 22.935601424491704, 22.582510866031566, 22.94595988892475, 22.635861640736742, 22.86034338834699, 23.864213730233615, 23.038304815808456, 22.710324865870497, 22.969337988489016, 22.935601424491704, 23.038304815808456, 22.585368261822694, 22.935601424491704, 23.029103379820704, 22.72861719927155, 23.378551485858257, 22.641892499616105]
iterations 9
[23.199938113342533, 23.165778095551474, 23.23549558355509, 22.942951835170874, 22.935601424491704, 22.935601424491704, 23.026915733732576, 23.325296018684814, 23.864213730233615, 23.16716977237056, 22.885361889260743, 24.215083580990893, 24.095174396212673, 22.93697108149192, 23.475789826577913, 22.94595988892475, 22.635861640736742, 23.310418387359647, 23.864213730233615, 23.038304815808456, 23.148173248455265, 23.34282185892673, 22.935601424491704, 23.038304815808456, 22.585368261822694, 24.401312172491174, 23.63779706178081, 24.87413201047132, 23.378551485858257, 22.641892499616105]
iterations 10
[23.950661186516268, 23.234589600145217, 23.23549558355509, 22.942951835170874, 23.330892033972134, 22.935601424491704, 23.871027755240455, 23.392488973330668, 24.59337401551504, 23.16716977237056, 23.16723043697038, 24.215083580990893, 24.095174396212673, 22.942951835170874, 23.475789826577913, 23.63779706178081, 22.867447943166503, 23.310418387359647, 23.864213730233615, 23.33538870589612, 23.98745032482994, 23.34282185892673, 23.19993811333321, 23.167169772379882, 24.139138066144277, 24.671437767789094, 23.63779706178081, 24.87413201047132, 23.378551485858257, 24.142852269315224]
iterations 11
[23.950661186516268, 23.329106747387403, 23.713111349356293, 23.69358059480317, 23.380097148320676, 23.23838482882009, 23.871027755240455, 23.874238488959627, 24.59337401551504, 24.67150058341954, 24.139138066144277, 24.215083580990893, 24.095174396212673, 23.258910575638414, 24.87126564174718, 23.953527555240406, 24.095174396212673, 24.095174396212673, 24.01935771111189, 24.139138066144277, 23.98745032482994, 24.79907920516292, 23.33892396904617, 24.24395811664045, 24.24545057379637, 24.671437767789094, 23.63779706178081, 24.87413201047132, 24.214945277032832, 24.60246351552769]
iterations 12
[24.20080341885068, 24.080903783654968, 24.671437767789094, 24.24545057379637, 25.49294539608824, 24.690457296503276, 23.95023037466449, 24.671723334678436, 24.87413201047132, 24.87126564174718, 24.139138066144277, 24.451871776064895, 24.095174396212673, 23.258910575638414, 24.99629238880953, 24.671437767789094, 24.095174396212673, 25.710523390328675, 24.216738144613288, 24.139138066144277, 23.98745032482994, 24.79907920516292, 24.139138066144277, 24.24395811664045, 24.24545057379637, 24.671437767789094, 24.019366884663253, 24.87413201047132, 24.214945277032832, 24.60246351552769]
iterations 13
[24.36080039267892, 24.563140393888368, 24.87413201047132, 24.24545057379637, 25.49294539608824, 24.690457296503276, 24.24395811664045, 24.671723334678436, 24.99589783449686, 24.87126564174718, 24.451132995803583, 25.492969671703687, 24.095174396212673, 25.492908564365163, 24.99629238880953, 24.671437767789094, 24.93590218416178, 25.710523390328675, 24.671437767789094, 24.99629238880953, 24.242584205072227, 24.79907920516292, 24.671437767789094, 24.671437767789094, 24.53034008895018, 24.671437767789094, 25.4008214959546, 24.87413201047132, 25.731474328969437, 24.80522839972796]
iterations 14
[24.99629238880953, 24.87126564174718, 25.828255811852202, 24.86808450694695, 25.49294539608824, 24.690457296503276, 24.24395811664045, 24.671723334678436, 24.99589783449686, 24.890854342585744, 24.451132995803583, 26.026425944078298, 25.475730606934608, 25.492908564365163, 24.99629238880953, 24.671437767789094, 25.731474328969437, 25.710523390328675, 24.99589783449686, 24.99629238880953, 25.739606374878793, 24.99610770671148, 25.731733933667446, 25.492710067005678, 24.53034008895018, 25.428269525320292, 25.4008214959546, 25.533220939746677, 25.731474328969437, 24.80522839972796]
iterations 15
[24.99629238880953, 24.99589783449686, 25.828255811852202, 25.4555158900813, 25.49294539608824, 25.51635712497611, 25.929218086523985, 25.962693742486934, 24.99589783449686, 25.49294539608824, 25.416769389589106, 26.026425944078298, 25.492710154565493, 25.492908564365163, 25.55203222523808, 24.671437767789094, 25.731474328969437, 25.739606374878793, 25.186690876225303, 24.99629238880953, 25.739606374878793, 25.731474328969437, 25.731733933667446, 25.492710067005678, 24.53034008895018, 25.428269525320292, 26.05994931957106, 25.533220939746677, 25.731474328969437, 25.731697101944366]
