./data/populationFitness/20190924-2-VQD2.txt
iterations 1
[1.8575744158729117e-25, 1.3345824724224836e-31, 1.1509560688207858e-28, 1.7139837115281196e-32, 8.419025340745078e-26, 1.8330285487733678e-38, 6.064106497276006e-25, 7.065819903157359e-28, 1.0896733202922573e-24, 2.570856193763728e-30, 2.2625193939562782e-29, 1.786841340271013e-20, 8.78382389824283e-30, 1.739674295661652e-28, 4.3001775674133693e-38, 1.4829709050756914e-24, 1.9072066751620401e-28, 2.027919192121715e-32, 7.522271111087476e-28, 1.5079621348973888e-26, 1.3029317083797495e-28, 2.1595951750419528e-34, 1.0429582581367937e-27, 3.0888295133742422e-30, 1.1336209772945431e-36, 2.054854172972213e-30, 3.176577339164222e-30, 5.3376482449643054e-30, 7.517731033062766e-31, 1.5977911898519553e-30]
iterations 2
[5.917787737162363e-20, 5.492512310494134e-30, 2.7878506586513404e-24, 1.6980798705127138e-20, 8.419025340745078e-26, 9.614539279489167e-29, 6.064106497276006e-25, 7.065819903157359e-28, 1.0896733202922573e-24, 1.5308102418048542e-27, 2.2625193939562782e-29, 1.786841340271013e-20, 8.590230975141705e-28, 1.1208732083853898e-25, 7.000645313543991e-28, 1.4829709050756914e-24, 8.42360874363193e-26, 1.5157010327475526e-26, 1.8041823433281138e-25, 1.5079621348973888e-26, 1.4545023142861543e-24, 1.7775520155897556e-20, 1.0429582581367937e-27, 1.7024303465558302e-28, 7.520154968443339e-28, 1.1915734630076402e-28, 8.301911547116594e-28, 1.2246332549670575e-24, 7.517731033062766e-31, 2.7741397720085496e-26]
iterations 3
[5.917787737162363e-20, 5.729269727321028e-20, 2.7878506586513404e-24, 1.6980798705127138e-20, 2.000497017257292e-20, 6.9121215048982655e-28, 3.0898372795410637e-14, 7.065819903157359e-28, 1.0896733202922573e-24, 1.5308102418048542e-27, 8.50939222400915e-28, 4.476362725963732e-18, 1.786965685780721e-20, 1.5414625989960946e-24, 6.102150869852967e-25, 1.4829709050756914e-24, 8.043985184112606e-25, 1.6501906743459192e-26, 6.008675994091639e-20, 2.2794098940315276e-24, 2.734153931342626e-24, 1.7775520155897556e-20, 1.9630692744431232e-20, 2.7670490690994706e-26, 4.855373023873613e-20, 2.3522333624403448e-26, 1.0970041911486235e-25, 6.211406967044924e-22, 8.821224285299024e-26, 2.7741397720085496e-26]
iterations 4
[7.503020511713805e-20, 5.729269727321028e-20, 1.7675242323580468e-22, 1.82102415974574e-18, 2.000497017257292e-20, 5.729269726416385e-20, 3.0898372795410637e-14, 6.101955049623455e-25, 1.0896733202922573e-24, 1.5308102418048542e-27, 2.1684200069516082e-13, 4.476362725963732e-18, 2.990249011592044e-14, 2.2796043544945473e-24, 2.7341438337479954e-24, 1.4829709050756914e-24, 4.5199195082597076e-20, 3.59795481594856e-18, 6.008675994091639e-20, 2.2794098940315276e-24, 2.734153931342626e-24, 1.7775520155897556e-20, 1.9630692744431232e-20, 8.707777202193882e-14, 4.855373023873613e-20, 2.9584600150823346e-24, 1.918436246297358e-24, 6.211406967044924e-22, 5.650669445434332e-20, 1.849933741560578e-20]
iterations 5
[7.503020511713805e-20, 5.729269727321028e-20, 3.5221669617045594e-21, 1.82102415974574e-18, 2.000497017257292e-20, 5.729269726416385e-20, 3.0898372795410637e-14, 4.0508171125053846e-24, 1.963353270490469e-20, 2.981284643054192e-14, 2.1684200069516082e-13, 3.0739182648344835e-14, 2.990249011592044e-14, 3.7070617557637836e-18, 2.7341438337479954e-24, 3.9127598012610386e-23, 4.5199195082597076e-20, 3.59795481594856e-18, 3.9326856142945144e-18, 5.1101859906121676e-20, 2.734153931342626e-24, 1.7775520155897556e-20, 1.9630692744431232e-20, 8.707777202193882e-14, 6.008675994091639e-20, 6.008675994091639e-20, 2.990249011592044e-14, 2.990249011592044e-14, 7.420842883072059e-19, 1.9766372822123344e-20]
iterations 6
[7.503020511713805e-20, 4.5863295536666344e-18, 4.179120543348072e-18, 1.82102415974574e-18, 8.803776732894027e-14, 2.9541178365290406e-14, 3.0898372795410637e-14, 4.9604683937914945e-23, 2.980941322550343e-14, 2.990249011592044e-14, 2.1684200069516082e-13, 3.0739182648344835e-14, 2.1682908349999404e-13, 3.7070617557637836e-18, 7.503020511713805e-20, 5.1101859906121676e-20, 5.729372937131543e-20, 8.663335571298955e-14, 7.446230453974684e-14, 5.1101859906121676e-20, 8.707777202193882e-14, 2.9889353919142163e-14, 2.1684200069516082e-13, 8.707777202193882e-14, 8.760209405007326e-14, 4.610125187766665e-18, 4.32308221902606e-12, 2.990249011592044e-14, 3.153929222086203e-14, 2.1028009471140934e-13]
iterations 7
[2.168553938780378e-13, 4.309736144696465e-12, 4.32308221902606e-12, 1.82102415974574e-18, 8.803776732894027e-14, 8.687320081272987e-14, 2.1684200069516082e-13, 5.656205176408571e-16, 2.1684200157716714e-13, 4.304734913353785e-12, 4.881620689160168e-13, 3.0739182648344835e-14, 2.1693797331077713e-13, 3.073918213487402e-14, 2.2370027610056893e-13, 8.707753306709115e-14, 3.0874767918658373e-14, 2.1028009471140977e-13, 2.144035551954263e-13, 3.130433016240727e-14, 2.113868698109637e-13, 8.747456904817694e-14, 2.1684200069516082e-13, 8.707777202193882e-14, 8.760209405007326e-14, 8.644615528282993e-14, 4.32308221902606e-12, 8.803776732894027e-14, 3.153929222086203e-14, 2.1028009471140934e-13]
iterations 8
[2.168553938780378e-13, 4.309736144696465e-12, 4.32308221902606e-12, 2.1684200157716714e-13, 2.2370027610056893e-13, 2.113868698109637e-13, 2.168553938780378e-13, 4.2903285185909104e-12, 4.2944540847692095e-12, 4.304734913353785e-12, 4.881620689160168e-13, 2.1684200069516082e-13, 2.1693797331077713e-13, 5.076499878331417e-12, 2.2370027610056893e-13, 2.1138686975685913e-13, 4.83562274866212e-13, 2.1028009471140977e-13, 2.168553938780378e-13, 8.706157294806999e-14, 2.113868698109637e-13, 4.294161741036905e-12, 2.1684200069516082e-13, 2.144035551954263e-13, 2.144035551954263e-13, 2.113868698109637e-13, 4.32308221902606e-12, 4.32308221902606e-12, 2.1684200157716714e-13, 4.881620689160168e-13]
iterations 9
[4.2797922015641185e-12, 4.309736144696465e-12, 4.32308221902606e-12, 5.076499878331417e-12, 4.064099113035251e-13, 5.193679290910848e-12, 1.3169554489803586e-11, 4.2903285185909104e-12, 4.295998425177818e-12, 4.304734913353785e-12, 4.881620689160168e-13, 4.881620689160168e-13, 4.317235686010154e-12, 5.076499878331417e-12, 4.881620689160193e-13, 4.32308221902606e-12, 4.83562274866212e-13, 4.3194757419392886e-12, 4.3161130481123064e-12, 5.0991675796734386e-12, 2.113868698109637e-13, 4.294161741036905e-12, 2.2370027610056893e-13, 4.83562274866212e-13, 2.1684200157716714e-13, 5.034384101263532e-13, 4.32308221902606e-12, 4.32308221902606e-12, 2.1684200157716714e-13, 4.881620689160168e-13]
iterations 10
[4.2797922015641185e-12, 4.317235686010154e-12, 4.32308221902606e-12, 1.3168956514674717e-11, 5.0764998783314166e-12, 5.193679290910848e-12, 1.3169554489803586e-11, 5.076499878331417e-12, 4.295998425177818e-12, 1.3197905879813077e-11, 5.051610742590986e-12, 4.365939425395789e-12, 4.317235686010154e-12, 5.076499878331417e-12, 4.316920340994624e-12, 4.32308221902606e-12, 4.295898397945498e-12, 4.3194757419392886e-12, 1.3169554489803586e-11, 5.0991675796734386e-12, 4.304415265579315e-12, 4.3161134330287384e-12, 4.3992783849259587e-13, 5.0991675796734386e-12, 5.0290546377032555e-12, 1.3302082735573156e-11, 4.32308221902606e-12, 4.32308221902606e-12, 5.070353045224626e-12, 1.3948868136167155e-10]
iterations 11
[1.3169554489803586e-11, 4.317235686010154e-12, 5.070353045224626e-12, 1.3168956514674717e-11, 5.0764998783314166e-12, 5.193679290910848e-12, 1.3169554489803586e-11, 5.076499878331417e-12, 4.295998425177818e-12, 1.3197905879813077e-11, 1.3169554489803586e-11, 4.365939425395789e-12, 5.193679290910848e-12, 5.076499878331417e-12, 5.076499878331417e-12, 5.0991675796734386e-12, 4.317235686010154e-12, 5.076499878331417e-12, 1.3169554489803586e-11, 5.0991675796734386e-12, 5.0991675796734386e-12, 5.0290546377032555e-12, 1.3197905879813077e-11, 1.3311509368161937e-11, 5.4567610007558105e-12, 1.3302082735573156e-11, 1.3168952158947798e-11, 1.3302082735573156e-11, 1.3302082735573156e-11, 1.3948868136167155e-10]
iterations 12
[1.3657952449081057e-11, 5.4567610007558105e-12, 5.070353045224626e-12, 1.626294947510442e-11, 5.076499878331417e-12, 5.193679290910848e-12, 1.3197905879813077e-11, 1.3197905879813077e-11, 1.3302082735573156e-11, 1.3302082735573156e-11, 1.3197905879813077e-11, 1.3311509368161937e-11, 5.193679290910848e-12, 5.076499878331417e-12, 1.643908666334406e-11, 5.0991675796734386e-12, 1.3197905879813077e-11, 1.3169554489803586e-11, 1.3311509368161937e-11, 5.0991675796734386e-12, 1.3311509368161937e-11, 1.3169554489803586e-11, 1.3197905879813077e-11, 1.3311509368161937e-11, 5.4567610007558105e-12, 1.3302082735573156e-11, 1.3168952158947798e-11, 1.3302082735573156e-11, 1.3946922226922207e-10, 1.3948868136167155e-10]
iterations 13
[1.3657952449081057e-11, 2.73235402326591e-10, 1.683808897023065e-10, 1.626294947510442e-11, 5.199069610876717e-12, 1.643908666334406e-11, 1.3582158185671557e-11, 1.384225210084296e-11, 1.3311509368161937e-11, 1.3311509368161937e-11, 1.3302082735573156e-11, 1.3311509368161937e-11, 1.3302081649876936e-11, 1.394709736842627e-10, 1.643908666334406e-11, 5.0991675796734386e-12, 1.3198216182638112e-11, 1.3946768498541136e-10, 1.3311509368161937e-11, 1.3311509368161937e-11, 1.3311509368161937e-11, 2.7316920750742956e-10, 1.3197905879813077e-11, 1.3311509368161937e-11, 1.3197915762003522e-11, 1.3302082735573156e-11, 1.4193518868670619e-11, 1.5814128028643798e-11, 3.2624431464080674e-10, 1.3948868136167155e-10]
iterations 14
[3.223718749461894e-10, 2.73235402326591e-10, 1.683808897023065e-10, 1.626294947510442e-11, 1.3328543288662133e-11, 1.643908666334406e-11, 1.6770182065668136e-11, 1.3891121116628654e-10, 2.6756613614881334e-10, 1.4653821836990372e-11, 1.3656571482237826e-11, 2.7316923896725603e-10, 1.4193518868670619e-11, 1.394709736842627e-10, 1.643908666334406e-11, 1.3946768498541136e-10, 3.2624431464080674e-10, 3.266587005463873e-10, 1.384225210084296e-11, 1.626294947510442e-11, 1.3311509368161937e-11, 2.7316920750742956e-10, 2.7312863807348023e-10, 1.331967628842497e-11, 2.6756613614881334e-10, 1.3745274495821688e-11, 2.7323540232659096e-10, 1.5814128028643804e-11, 3.2624431464080674e-10, 1.3948868136167155e-10]
iterations 15
[3.2624431464080674e-10, 2.73235402326591e-10, 1.683808897023065e-10, 1.692059884428884e-10, 1.4193518868670619e-11, 1.3946768498541136e-10, 2.7502741905417384e-10, 1.3891121116628654e-10, 2.731692389672336e-10, 1.4653821836990372e-11, 1.3948868136167155e-10, 2.73235402326591e-10, 3.2624763337318347e-10, 2.6790332316571003e-10, 1.3946768498541136e-10, 3.266587005463873e-10, 3.2624431464080674e-10, 3.266587005463873e-10, 1.5814128028643804e-11, 3.2624431464080777e-10, 3.2624431464080674e-10, 2.7316920750742956e-10, 2.7312863807348023e-10, 1.6263695845510474e-11, 2.6756613614881334e-10, 3.2624431464080674e-10, 2.7323540232659096e-10, 2.7323540232659096e-10, 3.2624431464080674e-10, 2.7312863807348023e-10]
iterations 16
[3.2624431464080674e-10, 2.73235402326591e-10, 2.7323540232659096e-10, 2.7323540232659096e-10, 2.7323540232659096e-10, 2.6756613614881334e-10, 2.7502741905417384e-10, 3.266587005463873e-10, 3.2624431464080674e-10, 1.4653821836990372e-11, 2.7312863807348023e-10, 2.73235402326591e-10, 3.266587005463873e-10, 2.6790332316571003e-10, 3.2624350790517355e-10, 3.266587005463873e-10, 3.2624431464080674e-10, 3.266587005463873e-10, 1.3948868136167155e-10, 3.266587005463873e-10, 3.2624431464080674e-10, 3.2619878437817725e-10, 3.2624431464080674e-10, 2.73235402326591e-10, 2.7312863807348023e-10, 3.266587005463873e-10, 3.2624431464080674e-10, 3.2624431464080674e-10, 3.2624431464080674e-10, 2.731476383336896e-10]
iterations 17
[3.2624431464080674e-10, 2.7502741905417384e-10, 3.2624431464080674e-10, 3.2624431464080674e-10, 3.266587005463873e-10, 3.2624431464080674e-10, 3.266587005463873e-10, 3.266587005463873e-10, 3.2624431464080674e-10, 3.266587005463873e-10, 3.2624431464080674e-10, 3.266587005463873e-10, 3.266587005463873e-10, 3.2624431464080674e-10, 3.2665870192887945e-10, 3.266587005463873e-10, 3.266587005463873e-10, 3.266587005463873e-10, 3.2624431464080674e-10, 3.266587005463873e-10, 3.262443150268648e-10, 3.2619878437817725e-10, 9.225435063806581e-10, 3.2624431464080674e-10, 3.266587005463873e-10, 3.266587005463873e-10, 3.2624431464080674e-10, 3.266587005463873e-10, 3.2625003443973236e-10, 3.266587005463873e-10]
iterations 18
[3.266587005463873e-10, 3.266587005463873e-10, 3.266587005463873e-10, 3.262443150268648e-10, 3.266587005463873e-10, 3.266587005463873e-10, 3.266587005463873e-10, 3.266587005463873e-10, 3.2625003443973236e-10, 3.266587005463873e-10, 3.266587005463873e-10, 3.266587005463873e-10, 3.266587005463873e-10, 3.2665870192887945e-10, 3.266688687346768e-10, 3.266587005463873e-10, 3.2665870192887945e-10, 3.266587005463873e-10, 3.266587005463873e-10, 3.2665870192887945e-10, 3.266587005463873e-10, 3.266587005463873e-10, 9.225435063806581e-10, 3.266587005463873e-10, 3.266587005463873e-10, 3.26668870117212e-10, 3.266587005463873e-10, 3.266587005463873e-10, 3.266587005463873e-10, 3.266587005463873e-10]
iterations 19
[3.2665870192887945e-10, 3.266587005463873e-10, 3.266688687346768e-10, 3.262443150268648e-10, 3.266587005463873e-10, 3.266587005463873e-10, 3.266587005463873e-10, 3.266587005463873e-10, 3.266688687346768e-10, 3.2665870192887945e-10, 3.266587005463873e-10, 3.266688687346768e-10, 3.2665870192887945e-10, 3.2665870192887945e-10, 3.266688687346768e-10, 3.266587005463873e-10, 3.2665870192887945e-10, 3.266587005463873e-10, 3.266587005463873e-10, 3.2665870192887945e-10, 3.266587005463873e-10, 3.266587005463873e-10, 9.225435063806581e-10, 3.266587005463873e-10, 3.2665870192887945e-10, 3.26668870117212e-10, 3.2665870192887945e-10, 9.225435063806581e-10, 3.26668870117212e-10, 3.266587005463873e-10]
iterations 20
[3.2665870192887945e-10, 3.266587005463873e-10, 3.266688687346768e-10, 9.225435063806581e-10, 3.2665870192887945e-10, 3.26668870117212e-10, 3.266587005463873e-10, 3.26668870117212e-10, 3.266688687346768e-10, 3.26668870117212e-10, 9.225435063806581e-10, 3.26668870117212e-10, 3.266688687346768e-10, 3.2665870192887945e-10, 9.225435063806581e-10, 9.225435063806581e-10, 3.26668870117212e-10, 3.26668870117212e-10, 3.266688687346768e-10, 3.266688687346768e-10, 3.2665870192887945e-10, 3.266688687346768e-10, 9.225435063806581e-10, 3.266688687346768e-10, 3.2665870192887945e-10, 1.0614345133026858e-09, 3.2665870192887945e-10, 9.225435063806581e-10, 3.26668870117212e-10, 3.2665870192887945e-10]
iterations 21
[3.2665870192887945e-10, 1.0614345165434593e-09, 3.26668870117212e-10, 1.0614345133026858e-09, 9.222782067041727e-10, 3.2676984867481184e-10, 3.26668870117212e-10, 3.26668870117212e-10, 3.26668870117212e-10, 3.26668870117212e-10, 9.225435063806581e-10, 9.225435063806581e-10, 3.266688687346768e-10, 9.225435063806581e-10, 9.225435063806581e-10, 9.225435063806581e-10, 3.26668870117212e-10, 3.26668870117212e-10, 9.225435063806581e-10, 9.225435063806581e-10, 3.26668870117212e-10, 3.266688687346768e-10, 1.0722371335988027e-09, 3.26668870117212e-10, 9.225435063806581e-10, 1.0614345133026858e-09, 9.225435063806581e-10, 9.225435063806581e-10, 9.225435063806581e-10, 9.225435063806581e-10]
iterations 22
[9.389067185717505e-10, 1.0614345165434593e-09, 9.225435063806581e-10, 1.0614345133026858e-09, 1.0614345165434593e-09, 9.225435063806581e-10, 9.225435063806581e-10, 9.222782067041727e-10, 1.0617320984399747e-09, 3.26668870117212e-10, 9.225435063806581e-10, 9.225435063806581e-10, 9.225435063806581e-10, 9.225435063806581e-10, 9.225435063806581e-10, 9.995528681768595e-10, 9.225435063806581e-10, 9.225435063806581e-10, 9.225435063806581e-10, 9.225435063806581e-10, 9.225435063806581e-10, 1.0722371335988027e-09, 1.0722371335988027e-09, 3.2676984867481184e-10, 9.225435063806581e-10, 1.0614345133026858e-09, 9.225435063806581e-10, 9.225435063806581e-10, 9.225435063806581e-10, 9.225435063806581e-10]
iterations 23
[9.389067185717505e-10, 1.0614345165434593e-09, 9.225435063806581e-10, 1.0614345133026858e-09, 1.0614345165434593e-09, 9.995528681768793e-10, 9.225435063806581e-10, 9.225435063806581e-10, 1.0617320984399747e-09, 9.225435063806581e-10, 9.225435063806581e-10, 9.225435063806581e-10, 1.0614345165434593e-09, 9.225435063806581e-10, 9.225435063806581e-10, 1.0722371335988027e-09, 9.225435063806581e-10, 9.225435063806581e-10, 1.0614345165434593e-09, 1.0614345133026858e-09, 9.225435063806581e-10, 1.0722371335988027e-09, 1.0722371335988027e-09, 1.0617320984399747e-09, 9.225435063806581e-10, 1.0614345133026858e-09, 1.0614345133026863e-09, 1.0722371335987982e-09, 9.225435063806581e-10, 9.225435063806581e-10]
iterations 24
[1.0722371335988027e-09, 1.0614345165434593e-09, 1.0614345165434593e-09, 1.0614345133026858e-09, 1.0614345165434593e-09, 1.0614345133026858e-09, 9.225435063806581e-10, 1.0722371335988226e-09, 1.1780684041633218e-09, 9.225435063806581e-10, 1.0686642924947085e-09, 9.225435063806581e-10, 1.0614345165434593e-09, 9.225435063806581e-10, 1.0616308463870176e-09, 1.0722371335988027e-09, 9.225435063806581e-10, 1.0614345133026863e-09, 1.0617320984399747e-09, 1.0614345133026858e-09, 1.0614345165434598e-09, 1.0722371335988027e-09, 1.0722371335988027e-09, 1.0617320984399747e-09, 9.225435063806581e-10, 1.0722371335988027e-09, 1.0614345133026863e-09, 1.0722371335987982e-09, 1.0614345165434593e-09, 1.0614345133026858e-09]
iterations 25
[1.0722371335988027e-09, 1.0614345165434593e-09, 1.1737132420419181e-09, 1.0722371335988226e-09, 1.0617320984399747e-09, 1.0614345165434593e-09, 1.0722371335988226e-09, 1.0722371335988226e-09, 1.1780684041633218e-09, 1.0614345165434593e-09, 1.0722371335988027e-09, 1.0617320984399747e-09, 1.0614345165434593e-09, 1.0722371335988027e-09, 1.0616308463870176e-09, 1.0722371335988027e-09, 1.0722371335988027e-09, 1.0722371335988027e-09, 1.0617320984399747e-09, 1.0617320984399747e-09, 1.1780684041633218e-09, 1.0722371335988027e-09, 1.2839422736599795e-09, 1.0617320984399747e-09, 1.0617320984399747e-09, 1.0722371335988027e-09, 1.0722371335988027e-09, 1.0722371335988027e-09, 1.0731452385432277e-09, 1.0614345133026858e-09]
iterations 26
[1.0722371335988226e-09, 1.0722371335988226e-09, 1.1737132420419181e-09, 1.072237206900959e-09, 1.0722371335988027e-09, 1.0722371335988027e-09, 1.0722371335988226e-09, 1.1780684041633218e-09, 1.1780684041633218e-09, 1.0722371335988027e-09, 1.095706381158856e-09, 1.1386653775784387e-09, 1.0722371335988027e-09, 1.0722371335988226e-09, 1.0722371335988027e-09, 1.0722371335988027e-09, 1.0722371335988027e-09, 1.0722371335988027e-09, 1.0722371335988027e-09, 1.0722371335988226e-09, 1.1780684041633218e-09, 1.2839422736599795e-09, 1.2839422736599795e-09, 1.0722371335988027e-09, 1.0617320984399747e-09, 1.0722371335988027e-09, 1.0722371335988226e-09, 1.0722371335988027e-09, 1.0731452385432277e-09, 1.0722371335988226e-09]
iterations 27
[1.0722371335988226e-09, 1.2115495455644854e-09, 1.1737132420419181e-09, 1.1386653775784387e-09, 1.0722371335988226e-09, 1.0731452385432277e-09, 1.1386653775784387e-09, 1.1780684041633218e-09, 1.1780684041633218e-09, 6.384265928451146e-09, 1.095706381158856e-09, 1.1386653775784387e-09, 1.072237206900959e-09, 1.0722371335988226e-09, 1.2839422736599795e-09, 1.2839422736599795e-09, 1.0789543903756093e-09, 1.1780684041633218e-09, 1.2839422736599795e-09, 1.0722371335988226e-09, 1.1780684041633218e-09, 1.2839422736599795e-09, 1.2839422736599795e-09, 1.1780684041633218e-09, 1.0617320984399747e-09, 1.0722371335988027e-09, 1.0722371335988226e-09, 1.0722371335988226e-09, 1.0731452385432277e-09, 1.1780684041633218e-09]
iterations 28
[1.1780684041633218e-09, 1.2115495455644854e-09, 1.2839422736599795e-09, 1.1780684041633218e-09, 1.2839422736599795e-09, 1.1737132420419181e-09, 1.2839422736599795e-09, 1.2839422736599795e-09, 1.2839422736599795e-09, 6.384265928451146e-09, 1.095706381158856e-09, 1.1386653775784387e-09, 1.1780684041633218e-09, 1.095706381158856e-09, 1.2839422736599795e-09, 1.2839422736599795e-09, 1.0789543903756093e-09, 1.2841797639088192e-09, 1.2862565566764982e-09, 6.334587412022264e-09, 1.1780684041633218e-09, 1.2839422736599795e-09, 1.2839422736599795e-09, 1.1817077849352572e-09, 1.1386653775784387e-09, 1.179158090547349e-09, 1.0831443584214735e-09, 1.2839306637791138e-09, 1.1375380111699438e-09, 1.1780684041633218e-09]
iterations 29
[1.2839422736599795e-09, 1.2839306637791138e-09, 1.2839422736599795e-09, 1.2818328527223484e-09, 6.379582629629165e-09, 1.2842252052906306e-09, 1.2853194240921117e-09, 6.362622585986439e-09, 1.2839422736599795e-09, 6.384265928451146e-09, 1.284997805472634e-09, 1.2839422736599795e-09, 1.2839422736599795e-09, 1.179158090547349e-09, 1.2839422736599795e-09, 1.2839422736599795e-09, 6.334587412022264e-09, 1.2841797639088192e-09, 1.2862565566764982e-09, 6.334587412022264e-09, 1.2839422736599795e-09, 1.2839422736599795e-09, 1.2839422736599795e-09, 1.2839422736599795e-09, 1.1780684041633218e-09, 1.2839422736599795e-09, 1.2839422736599795e-09, 1.2839422736599795e-09, 1.1464211980600876e-09, 1.2752560893848135e-09]
iterations 30
[6.334587412022264e-09, 1.2839422736599795e-09, 1.2841797639088192e-09, 1.2853194240921117e-09, 6.379582629629165e-09, 6.362622585986439e-09, 1.2853194240921117e-09, 6.362622585986439e-09, 1.2839422736599795e-09, 6.384265928451146e-09, 1.284997805472634e-09, 6.384265928451146e-09, 1.2839422736599795e-09, 1.2881628046998664e-09, 1.2839422736599795e-09, 1.2839422736599795e-09, 6.334587412022264e-09, 1.2841797639088192e-09, 1.2862565566764982e-09, 6.3795824950762884e-09, 1.2839422736599795e-09, 1.2839422736599795e-09, 1.2839422736599795e-09, 1.2839422736599795e-09, 1.2839422736599795e-09, 1.2839422736599795e-09, 1.2841797639088192e-09, 1.2839422736599795e-09, 1.2853194240921117e-09, 6.379582629629165e-09]
iterations 31
[6.38426592845115e-09, 1.2966530322184528e-09, 1.2841797639088192e-09, 6.379582629629165e-09, 6.379582629629165e-09, 6.362622585986439e-09, 1.2853194240921117e-09, 6.362622585986439e-09, 6.379582629629165e-09, 6.384265928451146e-09, 1.284997805472634e-09, 6.384265928451146e-09, 6.334587412022264e-09, 6.362622585986439e-09, 1.2853194240921117e-09, 6.334587412022264e-09, 6.362622585986439e-09, 6.379582629629165e-09, 1.2862565566764982e-09, 6.379582629629147e-09, 6.362622585986439e-09, 1.2839422736599795e-09, 6.379582629629165e-09, 6.379582629629165e-09, 6.362622451792006e-09, 6.334587545625882e-09, 1.2841797639088194e-09, 1.2862565566764795e-09, 1.2853194240921117e-09, 6.379582629629165e-09]
iterations 32
[6.38426592845115e-09, 6.379582629629165e-09, 6.379582629629165e-09, 6.379582629629165e-09, 6.379582629629165e-09, 6.362622585986439e-09, 6.384265928451146e-09, 6.362622585986439e-09, 6.379582629629165e-09, 6.384265928451146e-09, 1.2853194240921117e-09, 6.384265928451146e-09, 6.384265928451146e-09, 6.384265928451146e-09, 1.2862565566764982e-09, 6.334587412022264e-09, 6.362622585986439e-09, 6.384265928451146e-09, 1.2862565566764982e-09, 6.379582629629147e-09, 6.379582629629165e-09, 6.379582629629165e-09, 6.379582629629165e-09, 6.379582629629165e-09, 6.379582629629165e-09, 6.379582629629165e-09, 6.384265928451146e-09, 6.334587412022264e-09, 6.362622585986439e-09, 6.379582629629165e-09]
iterations 33
[6.38426592845115e-09, 6.379582629629165e-09, 6.379582629629165e-09, 6.379582629629165e-09, 6.384265928451146e-09, 6.379582629629165e-09, 6.384265928451146e-09, 6.379582629629165e-09, 6.379582629629165e-09, 6.384265928451146e-09, 6.362622585986439e-09, 6.384265928451146e-09, 6.384265928451146e-09, 6.384265928451146e-09, 6.379582629629165e-09, 6.379582629629165e-09, 6.384265928451146e-09, 6.38426592845115e-09, 6.379582629629165e-09, 6.384265928451146e-09, 6.379582629629165e-09, 6.38426592845115e-09, 6.384265928451146e-09, 6.379582629629165e-09, 6.384265928451146e-09, 6.379582629629165e-09, 6.384265928451146e-09, 6.384265928451146e-09, 6.384265928451146e-09, 6.379582629629165e-09]
iterations 34
[6.38426592845115e-09, 6.384265928451146e-09, 6.379582629629165e-09, 6.38426592845115e-09, 6.384265928451146e-09, 6.379582629629165e-09, 6.384265928451146e-09, 6.384265928451146e-09, 6.384265928451146e-09, 6.384265928451146e-09, 6.38426592845115e-09, 6.38426592845115e-09, 6.384265928451146e-09, 6.38426592845115e-09, 6.384265928451146e-09, 6.384265928451146e-09, 6.384265928451146e-09, 6.38426592845115e-09, 6.379582629629165e-09, 6.384265928451146e-09, 6.379582629629165e-09, 6.38426592845115e-09, 6.384265928451146e-09, 6.384265928451146e-09, 6.384265928451146e-09, 6.384265928451146e-09, 6.384265928451146e-09, 6.384265928451146e-09, 6.384265928451146e-09, 6.384265928451146e-09]
iterations 35
[6.38426592845115e-09, 6.384265928451146e-09, 6.384265928451146e-09, 6.38426592845115e-09, 6.384265928451146e-09, 6.38426592845115e-09, 6.384265928451146e-09, 6.384265928451146e-09, 6.38426592845115e-09, 6.384265928451146e-09, 6.4072988196925946e-09, 6.38426592845115e-09, 6.384265928451146e-09, 6.38426592845115e-09, 6.384265928451146e-09, 6.453810685909459e-09, 6.384265928451146e-09, 6.38426592845115e-09, 6.384265928451146e-09, 6.38426592845115e-09, 6.38426592845115e-09, 6.38426592845115e-09, 6.38426592845115e-09, 6.38426592845115e-09, 6.384265928451146e-09, 6.38426592845115e-09, 6.38426592845115e-09, 6.384265928451146e-09, 6.38426592845115e-09, 6.384265928451146e-09]
iterations 36
[6.38426592845115e-09, 6.38426592845115e-09, 6.38426592845115e-09, 6.38426592845115e-09, 6.38426592845115e-09, 6.38426592845115e-09, 6.384265928451146e-09, 6.38426592845115e-09, 6.38426592845115e-09, 6.38426592845115e-09, 6.4072988196925946e-09, 6.38426592845115e-09, 6.38426592845115e-09, 6.38426592845115e-09, 6.38426592845115e-09, 6.453810685909459e-09, 6.38426592845115e-09, 6.38426592845115e-09, 6.38426592845115e-09, 6.453810685909459e-09, 6.38426592845115e-09, 6.38426592845115e-09, 6.38426592845115e-09, 6.38426592845115e-09, 6.38426592845115e-09, 6.38426592845115e-09, 6.453810685909459e-09, 6.38426592845115e-09, 6.38426592845115e-09, 6.384265928451146e-09]
iterations 37
[6.38426592845115e-09, 6.38426592845115e-09, 6.4552725167177716e-09, 6.38426592845115e-09, 6.38426592845115e-09, 6.38426592845115e-09, 6.38426592845115e-09, 6.38426592845115e-09, 6.38426592845115e-09, 6.453810685909459e-09, 6.4072988196925946e-09, 6.4072988196925946e-09, 6.453810685909459e-09, 6.38426592845115e-09, 6.38426592845115e-09, 6.453810685909459e-09, 6.38426592845115e-09, 6.38426592845115e-09, 6.38426592845115e-09, 6.453810685909459e-09, 6.38426592845115e-09, 6.38426592845115e-09, 6.38426592845115e-09, 6.38426592845115e-09, 6.38426592845115e-09, 6.38426592845115e-09, 6.453810685909459e-09, 6.38426592845115e-09, 6.38426592845115e-09, 6.38426592845115e-09]
iterations 38
[6.453810685909459e-09, 6.38426592845115e-09, 6.4552725167177716e-09, 6.453810685909459e-09, 6.38426592845115e-09, 6.4072988196925946e-09, 6.38426592845115e-09, 6.38426592845115e-09, 6.453810685909459e-09, 6.453810685909459e-09, 6.453810685909459e-09, 6.4072988196925946e-09, 6.453810685909459e-09, 6.4072988196925946e-09, 6.38426592845115e-09, 6.453810685909459e-09, 6.38426592845115e-09, 6.38426592845115e-09, 6.38426592845115e-09, 6.453810685909459e-09, 6.453810685909459e-09, 6.453810685909459e-09, 6.453810685909459e-09, 6.38426592845115e-09, 6.38426592845115e-09, 6.453810685909459e-09, 6.453810685909459e-09, 6.4552725167177716e-09, 6.453810685909459e-09, 6.4552725167177716e-09]
iterations 39
[6.453810685909459e-09, 6.4552725167177716e-09, 6.4552725167177716e-09, 6.453810685909459e-09, 6.38426592845115e-09, 6.453810685909459e-09, 6.453810685909459e-09, 6.4552725167177716e-09, 6.453810685909459e-09, 6.453810685909459e-09, 6.453810685909459e-09, 6.453810685909459e-09, 6.453810685909459e-09, 6.709324072947419e-09, 6.453810685909459e-09, 6.453912496638735e-09, 6.453810685909459e-09, 6.4552725167177716e-09, 6.455272516717771e-09, 6.453810685909459e-09, 6.453810685909459e-09, 6.453810685909459e-09, 6.453810685909459e-09, 6.713778325500088e-09, 6.453810685909459e-09, 6.453810685909459e-09, 4.4786281328961645e-08, 6.4552725167177716e-09, 6.453810685909459e-09, 6.4552725167177716e-09]
iterations 40
[6.453810685909459e-09, 6.713778325500088e-09, 2.0864960710890833e-08, 6.709324072947419e-09, 6.709324072947419e-09, 6.4552725167177716e-09, 6.453810685909459e-09, 6.713778325500088e-09, 6.453810685909459e-09, 6.709324072947419e-09, 6.45527251672595e-09, 6.713778325490597e-09, 6.4552725167177716e-09, 6.709324072947419e-09, 6.453810685909459e-09, 4.4786281328961645e-08, 4.4786281328961645e-08, 6.4552725167177716e-09, 6.455272516717771e-09, 6.455272516717771e-09, 6.453912496638735e-09, 6.453810685909459e-09, 6.4552725167177716e-09, 6.713778325500088e-09, 6.455693966661467e-09, 4.477289988128731e-08, 4.4786281328961645e-08, 6.4552725167177716e-09, 6.713778325500088e-09, 6.4552725167177716e-09]
iterations 41
[4.478626479208018e-08, 6.713780804495755e-09, 4.4786281328961645e-08, 6.709324072947419e-09, 6.713778325500088e-09, 4.4786281328961645e-08, 6.455272516717771e-09, 6.713778325500088e-09, 6.713778325500088e-09, 6.713778325490597e-09, 4.4786281328961645e-08, 2.5608149670595046e-08, 6.709324072947419e-09, 6.709324072947419e-09, 6.453810685909459e-09, 4.4786281328961645e-08, 4.4786281328961645e-08, 4.4786281328961645e-08, 4.4786281328961645e-08, 6.709324072947419e-09, 6.709324072947419e-09, 4.4786281328961645e-08, 6.4552725167177716e-09, 6.713778325500088e-09, 6.713778325500088e-09, 4.477289988128731e-08, 4.4786281328961645e-08, 4.4786281328961645e-08, 4.652613282943067e-08, 6.462669965485924e-09]
iterations 42
[0.0010607190053672688, 4.652613282943067e-08, 4.4786281328961645e-08, 4.4786281328961645e-08, 4.652613282943067e-08, 4.4786281328961645e-08, 6.455272516717771e-09, 4.545230730962517e-08, 4.4786281328961645e-08, 4.4786281328961645e-08, 4.4786281328961645e-08, 4.477289988128731e-08, 4.4786281328961645e-08, 4.4786281328961645e-08, 6.709324072947419e-09, 4.4786281328961645e-08, 4.4786281328961645e-08, 4.4786281328961645e-08, 4.4786281328961645e-08, 6.713780804495755e-09, 6.713778325500088e-09, 4.4786281328961645e-08, 7.112361385829553e-09, 6.713778325500088e-09, 6.713778325500088e-09, 4.4786281328961645e-08, 4.4786281328961645e-08, 4.4786281328961645e-08, 4.652613282943067e-08, 4.4786281328961645e-08]
iterations 43
[0.0010607190053672688, 4.652613282943067e-08, 4.4786281328961645e-08, 4.4786281328961645e-08, 4.652613282943067e-08, 4.4786281328961645e-08, 4.4786281328961645e-08, 4.545230730962517e-08, 4.4786281328961645e-08, 4.652613282943067e-08, 4.4786281328961645e-08, 4.652613282943067e-08, 4.4786281328961645e-08, 4.4786281328961645e-08, 4.652613282943067e-08, 4.545230730962517e-08, 4.4786281328961645e-08, 4.652613282943067e-08, 4.4786281328961645e-08, 4.652613282943067e-08, 4.652613282943067e-08, 4.4786281328961645e-08, 7.112361385829553e-09, 4.652613282943067e-08, 4.4786281328961645e-08, 4.652613282943067e-08, 4.4786281328961645e-08, 4.4786281328961645e-08, 4.652613282943067e-08, 4.545230730962517e-08]
iterations 44
[0.0010607190053672688, 0.0010607190053672688, 4.545230730962517e-08, 4.4786281328961645e-08, 4.652613282943067e-08, 4.652613282943067e-08, 4.652613282943067e-08, 4.545230730962517e-08, 4.652613282943067e-08, 4.652613282943067e-08, 4.4786281328961645e-08, 4.652613282943067e-08, 4.652613282943067e-08, 4.652613282943067e-08, 4.652613282943067e-08, 4.652613282943067e-08, 4.652613282943067e-08, 4.652613282943067e-08, 0.0010607190053672688, 4.652613282943067e-08, 4.652613282943067e-08, 4.652613282943067e-08, 4.652613282943067e-08, 0.00045743517531474787, 4.4786281328961645e-08, 4.652613282943067e-08, 4.652613282943067e-08, 4.4786281328961645e-08, 4.652613282943067e-08, 4.545230730962517e-08]
iterations 45
[0.0010607190053672688, 0.0010607190053672688, 4.652613282943067e-08, 4.652613282943067e-08, 4.652613282943067e-08, 4.652613282943067e-08, 4.652613282943067e-08, 4.652613282943067e-08, 4.652613282943067e-08, 4.652613282943067e-08, 0.0010607190053672688, 0.00045743517531474787, 4.652613282943067e-08, 4.652613282943067e-08, 4.652613282943067e-08, 4.652613282943067e-08, 0.0010607189957880818, 4.652613282943067e-08, 0.0010607190053672688, 0.00045743517531474787, 4.652613282943067e-08, 4.652613282943067e-08, 0.0010607190053672688, 0.00045743517531474787, 0.0011000544550008706, 4.652613282943067e-08, 4.652613282943067e-08, 4.652613282943067e-08, 4.818806972254002e-08, 0.0010241363396080398]
iterations 46
[0.0010607190053672688, 0.0010607190053672688, 0.0010607190053672688, 4.652613282943067e-08, 0.0010607189957880818, 0.00045743517531474787, 0.0010607189957880818, 0.0010607190053672688, 0.0010607190053672688, 4.652613282943067e-08, 0.0010607190053672688, 0.00045743517531474787, 0.00045743517531474787, 0.0011000544550008706, 0.00045743517531474787, 0.0010607190053672688, 0.0010607190053672688, 0.0010607190053672688, 0.0010607190053672688, 0.00045743517531474787, 0.0010607190053672688, 4.652613282943067e-08, 0.0010607190053672688, 0.0010607190053672688, 0.0011000544550008706, 0.0004251253440256672, 4.652613282943067e-08, 0.00045743517531474787, 4.818806972254002e-08, 0.0011000544550008706]
iterations 47
[0.0010607190053672688, 0.0010607190053672688, 0.0011000544550008706, 0.0010607190053672688, 0.0010607190053672688, 0.0010607190053672688, 0.0010607190053672688, 0.0010607190053672688, 0.0010607190053672688, 0.0010607190053672688, 0.0010607190053672688, 0.0010607190053672688, 0.0011000719756478618, 0.0011000544550008706, 0.0011000544550008706, 0.0010607190053672688, 0.0010607190053672688, 0.0010607190053672688, 0.0011000544550008706, 0.0010607190053672688, 0.0010607190053672688, 0.0010607190053672688, 0.0010607190053672688, 0.0010607190053672688, 0.0011000544550008706, 0.0010607190053672688, 0.0010607190053672688, 0.0010607190053672688, 0.0010607190053672688, 0.0011000544550008706]
iterations 48
[0.0010607190053672688, 0.0010607190053672688, 0.0011000719756478618, 0.0010607190053672688, 0.0011000544550008706, 0.0010607190053672688, 0.0011000719756478618, 0.0010607190053672688, 0.0011000544550008706, 0.0011000544550008706, 0.0010607190053672688, 0.0010607190053672688, 0.0011000719756478618, 0.0011000544550008706, 0.0011000544550008706, 0.0010607190053672688, 0.0011000544550008706, 0.0011000544550008706, 0.0011000544550008706, 0.0010607190053672688, 0.0010607190053672688, 0.0010607190053672688, 0.0011000544550008706, 0.0011000544550008706, 0.0011000719756478618, 0.0011000544550008706, 0.0010607190053672688, 0.0010607190053672688, 0.0010607190053672688, 0.0011000544550008706]
iterations 49
[0.0011000719756478618, 0.0011000544550008706, 0.0011000719756478618, 0.0010607190053672688, 0.0011000544550008706, 0.0010607190053672688, 0.0011000719756478618, 0.0011000719756478618, 0.0011000544550008706, 0.0011000719756478618, 0.0011000544550008706, 0.0011000544550008706, 0.0011000719756478618, 0.0011000544550008706, 0.0011000544550008706, 0.0011000544550008706, 0.0011000544550008706, 0.0011000544550008706, 0.0011000544550008706, 0.0011000544550008706, 0.0011000544550008706, 0.0010607190053672688, 0.0011000544550008706, 0.0011000544550008706, 0.0011000719756478618, 0.0011000544550008706, 0.0011000544550008706, 0.0011000544550008706, 0.0010607190053672688, 0.0011000719756478618]
iterations 50
[0.0011000719756478618, 0.0011000544550008706, 0.0011000719756478618, 0.001101685828831591, 0.0011000544550008706, 0.0011000719756478618, 0.0011000719756478618, 0.0011000719756478618, 0.0011000544550008706, 0.0011000719756478618, 0.0011000544550008706, 0.0011000719756478618, 0.0011000719756478618, 0.0011000544550008706, 0.0011000544550008706, 0.0011000544550008706, 0.0011000544550008706, 0.0011000544550008706, 0.0011000544550008706, 0.0011000719756478618, 0.0011000719756478618, 0.0011000544550008706, 0.0011000544550008706, 0.0011000719756478618, 0.0011000719756478618, 0.0011000544550008706, 0.0011000544550008706, 0.0011000719756478618, 0.0011000719756478618, 0.0011000719756478618]
