./data/populationFitness/20190924-3-VQD3.txt
iterations 1
[33.999361202487485, 36.99890995077038, 29.999854784030667, 36.999653012147505, 39.99946821184961, 28.999838766601513, 34.999545351247136, 29.999684555131065, 32.99940998430494, 26.999745210026216, 37.99854089640293, 27.999923273071403, 29.999721463712543, 36.99969950119229, 32.99972467050318, 31.99894441238931, 30.99993051214105, 30.999374862129894, 28.999470029391816, 28.999886617309173, 32.999350152358225, 36.99977818109279, 26.999473484086938, 33.9995219653294, 29.99842056300221, 19.999967475720226, 34.998851812570315, 36.999570215590396, 33.99961428640895, 25.999892224449262]
iterations 2
[33.999361202487485, 36.99890995077038, 38.99962619014031, 36.999653012147505, 39.99946821184961, 28.999838766601513, 34.999545351247136, 34.99927275096166, 32.99940998430494, 33.99960752548726, 37.99854089640293, 32.99930694779508, 36.99962350512896, 36.99969950119229, 36.99957063443023, 31.99894441238931, 36.99929752838809, 39.99948312209805, 33.99991038500917, 28.999886617309173, 32.999350152358225, 37.99854261691693, 31.99894441238931, 33.9995219653294, 33.99892152106576, 34.99967590347105, 37.998557420151855, 39.99956415109956, 33.99961428640895, 33.99971578084859]
iterations 3
[41.99938528504449, 36.999675907859924, 38.99962619014031, 39.99956395689978, 39.99946821184961, 37.998518369542346, 34.999545351247136, 36.99968096049066, 34.99937657234563, 36.999586675851766, 37.99854089640293, 33.99991038500917, 37.99854089640293, 36.99969950119229, 36.99966569175455, 36.99964041714892, 37.998617311697785, 39.99948312209805, 35.99947809288184, 31.99938283709656, 35.9994137175729, 39.999325964253345, 34.99889328204481, 35.99947504552219, 37.998557420151855, 37.998557420151855, 37.998557420151855, 39.99956415109956, 39.999644161794045, 34.9986410475129]
iterations 4
[41.99938528504449, 39.99948312209793, 38.99962619014031, 39.99956395689978, 40.99956378014056, 37.998518369542346, 37.998518369542346, 37.998617311697785, 39.99962876925391, 37.998255010261055, 37.99854089640293, 39.99931909426978, 39.99939815883228, 37.998557420151585, 36.99966569175455, 39.99955567524557, 38.9995749291311, 39.99948312209805, 39.99944246120549, 39.99961076120675, 37.99851491071977, 39.99941554616648, 41.99938518441602, 39.99956377788568, 41.99938528504449, 41.99938528504449, 37.99860078794886, 39.99956415109956, 39.999644161794045, 37.99856058402455]
iterations 5
[41.99938528504449, 39.99955562349198, 39.99964416179059, 41.99938643495827, 40.99956378014056, 37.998557420153944, 37.998518369542346, 37.998617311697785, 40.99956321065024, 41.999385111383646, 41.9993847494673, 39.99931909426978, 39.99939815883228, 37.998557420151585, 39.99962876925391, 39.99955567524557, 41.999385045990124, 39.99948312209805, 39.99955567524557, 39.99961076120675, 41.99938494776271, 39.999563777885655, 41.99938518441602, 39.99956377788568, 41.99938528504449, 41.99938528504449, 39.99944246120437, 41.999385222438576, 41.999341199172385, 37.99856058402455]
iterations 6
[41.99938528504449, 41.99938489290955, 41.999341199172385, 41.99938643495827, 41.99938494776271, 41.999341199172385, 41.99938528325731, 41.99938511209645, 40.99956321065024, 41.999385111383646, 41.99938503197969, 41.99938528504449, 41.99938528504449, 41.99938528504449, 39.99962876925391, 41.999385111383646, 41.999385045990124, 41.99938643495827, 39.99956377788568, 39.99961076120675, 42.9993846729368, 39.99956415109956, 41.9993851965842, 41.9993850980071, 41.99938528504449, 41.99938528504449, 41.99938566000547, 41.999385222438576, 41.999341199172385, 41.99938507600842]
iterations 7
[41.99938528504449, 41.99938527619353, 41.99938565495569, 41.99938643495827, 41.999385081878515, 41.99938642733883, 41.99938528504449, 41.9993864315277, 41.99938522311083, 41.99938528109788, 41.99938528504449, 41.99938528504449, 41.99938528504449, 41.99938528504449, 41.99938502509896, 41.99938528504444, 41.99938528504449, 41.99938643495827, 41.999385111383646, 41.999385111383646, 42.9993846729368, 41.99938521548171, 41.999385282153376, 41.99938519773787, 41.99938528504449, 41.99938528504449, 41.99938566000547, 41.999385222438576, 41.999341199172385, 41.99938528504449]
iterations 8
[41.99938528504449, 41.999386427661484, 41.99938565495569, 41.99938643495827, 41.999385111383646, 41.99938642733883, 42.99938468217765, 41.9993864315277, 41.99938522311083, 41.99938610793963, 41.99938528504449, 41.99938528504449, 41.99938643596088, 41.99938528504449, 41.99938527619353, 41.99938528504449, 41.99938643495827, 41.99938643495827, 41.99938528504449, 41.99938521548171, 42.9993846729368, 41.999385650805046, 41.999386425932684, 41.999385285044475, 41.99938566094832, 41.99938643259891, 41.99938643492289, 41.999385222438576, 41.999385277786985, 41.99938528504449]
iterations 9
[41.99938528504449, 41.999386427661484, 41.99938643596088, 41.99938643495827, 41.99938548248203, 41.99938642733883, 42.99938468217765, 41.9993864315277, 41.999385273885196, 42.999384684096086, 41.99938643596088, 41.99938610793963, 41.99938643596088, 41.99938528504449, 41.999386425932684, 41.99938643492289, 41.99938643495827, 41.99938643495827, 41.99938528504449, 41.99938610793963, 42.9993846729368, 41.99938643909325, 41.999386425932684, 42.99938465545135, 41.99938566094832, 41.99938643259891, 41.99938643492289, 41.99938522390175, 42.99938469142501, 41.99938641411069]
iterations 10
[41.99938528504449, 41.99938643495827, 41.99938643596088, 41.99938643495827, 41.99938643492286, 42.99938467293683, 42.99938468217765, 42.99938468217765, 41.99938620797364, 42.99938469142498, 41.99938643596088, 41.99938643495827, 41.99938643596088, 42.99938465545135, 41.999386425932684, 41.99938643492289, 41.99938643596088, 41.99938643596088, 42.99938468217765, 42.99938468217765, 42.9993846729368, 42.999424848342514, 41.999386425932684, 42.99938469142498, 41.99938643492289, 41.99938643591359, 41.99938643492289, 41.99938642863662, 42.99938469142501, 42.999384679554126]
iterations 11
[42.9993846729368, 42.99942484834251, 42.999424848342514, 41.99938643495827, 41.99938643492286, 42.99938470618966, 42.99938468217765, 42.99938468217765, 42.99938469142501, 42.99938469142498, 41.99938643596088, 42.99938470005598, 42.99938467293683, 42.99938469142501, 42.999384700687216, 41.99938643492289, 42.99938470066587, 42.9993846729368, 42.99938468217765, 42.99938468217765, 42.9993846729368, 42.999424848342514, 42.99938469142501, 42.99938469142498, 41.99938643495827, 41.99938643591359, 41.99938643495827, 42.99938469142498, 42.99938469142501, 42.999384682222214]
iterations 12
[42.9993846729368, 42.99942484834251, 42.999424848342514, 42.99942484834251, 42.99938470066587, 42.99938470618966, 42.999424848342514, 42.99938470066587, 42.99938469142501, 42.99938469142498, 42.999299088945946, 42.99938470005598, 42.99938468217765, 42.99938469142501, 42.9993860629055, 41.99938643492289, 42.99938470066587, 42.99938469142501, 42.99938470005598, 42.99938468217765, 42.99938468217765, 42.999424848342514, 42.99938469142501, 42.99938469142498, 42.99938469142501, 42.999384700687216, 42.9993846729368, 42.99938470618966, 42.99938469142501, 42.99938470618966]
iterations 13
[42.99942484834251, 42.99942484834251, 42.999424848342514, 42.99942484834251, 42.999424848342514, 42.99942484834251, 42.999424848342514, 42.99938470066587, 42.99938469142501, 42.99938470005598, 42.99938467946336, 42.99942487506881, 42.99938468217765, 42.999424875068804, 42.9993860629055, 42.99938470618966, 42.99938470618966, 42.999384700687216, 42.99942485386633, 42.99938470066584, 42.99938470005598, 42.999424848342514, 42.99938469142501, 42.99938470618966, 42.99942484834251, 42.99938470618966, 42.999424848342514, 42.99938470618966, 42.99938470618966, 42.99938470618966]
iterations 14
[42.999424848342514, 42.99942484834251, 42.99942487506881, 42.99942484834251, 42.999424848342514, 42.999424875068804, 42.999424848342514, 42.999424848342514, 42.999424848342514, 42.99938470005598, 42.99938467946336, 42.99942487506881, 42.99938470618966, 42.999424875068804, 42.9993860629055, 42.999424899080815, 42.999424848342514, 42.999424875068804, 42.99942485386633, 42.99938470066584, 42.99938470618966, 42.99942485386633, 42.99938470066584, 42.99942485386633, 42.99942484834251, 42.99938470618966, 42.99942485386633, 42.99938470618966, 42.99938470618966, 42.99942485386633]
iterations 15
[42.99942487506881, 42.999424875068804, 42.99942487506881, 42.999424848342514, 42.99942485386633, 42.999424875068804, 42.99942487506881, 42.999424848342514, 42.999424848342514, 42.99948246298877, 42.999424848342514, 42.99942487506881, 42.99938606290547, 42.99942487506883, 42.99942485386633, 42.999424899080815, 42.999424848342514, 42.999424875068804, 42.99942485386633, 42.99942488059263, 42.999424848342514, 42.99942485386633, 42.99942487506881, 42.99942485386633, 42.999424848342514, 42.999424848342514, 42.99942487506881, 42.99942484834251, 42.99942489908084, 42.99942485386633]
iterations 16
[42.999424899080815, 42.99942487506881, 42.99942487506881, 42.99942487506881, 42.99942485386633, 42.99942487506881, 42.99942487506881, 42.999424848342514, 42.99948246298877, 42.99948246298877, 42.99948246298877, 42.99942487506881, 42.999424899080815, 42.999424899080815, 42.99942485386633, 42.999424899080815, 42.99942487506881, 42.99942487506883, 42.99942485386633, 42.99942488059263, 42.999424875068804, 42.99942487506881, 42.99942488059263, 42.99942485386633, 42.99948246298877, 42.99942489908084, 42.99942487506881, 42.999424848342514, 42.99942489908084, 42.99942488059263]
iterations 17
[42.999424899080815, 42.99948246298877, 42.99948245746494, 42.99942488059263, 42.999424899080815, 42.999424899080815, 42.999424899080815, 42.99942487506881, 42.99948246298877, 42.99948246298877, 42.99948246298877, 42.99948246298877, 42.99948246298877, 42.99948246298877, 42.99942487506883, 42.999424899080815, 42.99942487506881, 42.999424899080815, 42.99942488059263, 42.99942488059263, 42.99942488059263, 42.99948246298877, 42.999424899080815, 42.99942488059263, 42.99948246298877, 42.99942489908084, 42.99942487506881, 42.999424848342514, 42.99942489908084, 42.99948246298877]
iterations 18
[42.999424899080815, 42.99948246298877, 42.99948245746494, 42.99948246298877, 42.99948245746494, 42.99945682169875, 42.99948246298877, 42.99948246298877, 42.99948246298877, 42.99948246298877, 42.99948246298877, 42.99948246298877, 42.99948246298877, 42.99948246298877, 42.99948246298877, 42.99962463251075, 42.99942487506881, 42.99948246298877, 42.99948246298873, 42.99942489908084, 42.99948246298877, 42.99948246298877, 42.99948246298877, 42.99948246298877, 42.99948246298877, 42.999480636104146, 42.99948246298877, 42.99948246298877, 42.99948246298877, 42.99948246298877]
iterations 19
[42.99948246298877, 42.99948246298877, 42.99948246298877, 42.99948246298877, 42.99948246298877, 42.99948246298877, 42.99948246298877, 42.99948246298877, 42.99948246298877, 42.99948246298877, 42.99948246298877, 42.99948246298877, 42.99962463251075, 42.99948246298877, 42.99948246298877, 42.99962463251075, 42.99948246298877, 42.99948246298877, 42.99948246298877, 42.99948246298877, 42.99948246298877, 42.99948246298877, 42.99948246298877, 42.99948246298877, 42.99948246298877, 42.99948245746494, 42.99948246298877, 42.99948246298877, 42.99948246298877, 42.99948246298877]
iterations 20
[42.99948246298877, 42.99948246298877, 42.99948246298877, 42.99948246298877, 42.99948246298877, 42.99948246298877, 42.99948246298877, 42.99962463251075, 42.99948246298877, 42.99962463251075, 42.99948246298877, 42.99948246298877, 42.99962463251075, 42.99948246298877, 42.99948246298877, 42.99962463251075, 42.99948246298877, 42.99948246298877, 42.99948246298877, 42.99948246298877, 42.99948246298877, 42.99948246298877, 42.99948246298877, 42.99948246298877, 42.99948246298877, 42.99948246298877, 42.99948246298877, 42.99948246298877, 42.99962463251075, 42.99948246298877]
iterations 21
[42.99948246298877, 42.99948246298877, 42.99948246298877, 42.99948246298877, 42.99962463251075, 42.99948246298877, 42.99948246298877, 42.99962463251075, 42.99948246298877, 42.99962463251075, 42.99962463251075, 42.99948246298877, 42.99962463251075, 42.99948246298877, 42.99962463251075, 42.99962463251075, 42.99948246298877, 42.99948246298877, 42.99962463251075, 42.99948246298877, 42.99948246298877, 42.99962463251075, 42.99948246298877, 42.99959899182432, 42.99948246298877, 42.99959899122073, 42.99949040577355, 42.99948246298877, 42.99962463251075, 42.99948246298877]
iterations 22
[42.99948246298877, 42.99948246298877, 42.99962463251075, 42.99948246298877, 42.99962463251075, 42.99962463251075, 42.99948246298877, 42.99962463251075, 42.99962463251075, 42.99962463251075, 42.99962463251075, 42.99962463251075, 42.99962463251075, 42.99948246298877, 42.99962463251075, 42.99962463251075, 42.99949040577355, 42.99962463251075, 42.99962463251075, 42.99962463251075, 42.99959899182432, 42.99962463251075, 42.99959899182432, 42.99959899182432, 42.99959030988244, 42.99959899122073, 42.99949040577355, 42.99962463251075, 42.99962463251075, 42.99962463251075]
iterations 23
[42.99962463251075, 42.99962463251075, 42.99962463251075, 42.99962463251075, 42.99962463251075, 42.99962463251075, 42.99962463251075, 42.99962463251075, 42.99962463251075, 42.99962463251075, 42.99962463251075, 42.99962463251075, 42.99962463251075, 42.99962463251075, 42.99962463251075, 42.99962463251075, 42.99962463251075, 42.99962463251075, 42.99962463251075, 42.99962463251075, 42.99962463251075, 42.99962463251075, 42.99962463251075, 42.99962463251075, 42.99962463251075, 42.99962463251075, 42.99961606581059, 42.99962463251075, 42.99962463251075, 42.99962463251075]
iterations 24
[42.99962463251075, 42.99962463251075, 42.99962463251075, 42.99962463251075, 42.99962463251075, 42.99962463251075, 42.99962463251075, 42.99962463251075, 42.99962463251075, 42.99962463251075, 42.99962463251075, 42.99962463251075, 42.99962463251075, 42.99962463251075, 42.99962463251075, 42.99962463251075, 42.99962463251075, 42.99962463251075, 42.99962463251075, 42.99962463251075, 42.99962463251075, 42.99962463251075, 42.99962463251075, 42.99962463251075, 42.99962463251075, 42.99962463251075, 42.99962463251075, 42.99962463251075, 42.99962463251075, 42.99962463251075]
iterations 25
[42.99962463251075, 42.99962463251075, 42.99962463251075, 42.99962463251075, 42.99962463251075, 42.99962463251075, 42.99962463251075, 42.99962463251075, 42.99962463251075, 42.99962463251075, 42.99962463251075, 42.99962463251075, 42.99962463251075, 42.99962463251075, 42.99962463251075, 42.99962463251075, 42.99962463251075, 42.99962463251075, 42.99962463251075, 42.99962463251075, 42.99962463251075, 42.99962463251075, 42.99962463251075, 42.99962463251075, 42.99962463251075, 42.99962463251075, 42.99962463251075, 42.99962463251075, 42.99962463251075, 42.99962463251075]
iterations 26
[42.99962463251075, 42.99962463251075, 42.99962463251075, 42.99962463251075, 42.99962463251075, 42.99962463251075, 42.99962463251075, 42.99962463251075, 42.99962463251075, 42.99962463251075, 42.99962463251075, 42.99962463251075, 42.99962463251075, 42.99962463251075, 42.99962463251075, 42.99962463251075, 42.99962463251075, 42.99962463251075, 42.99962463251075, 42.99962463251075, 42.99962463251075, 42.99962463251075, 42.99962463251075, 42.99962463251075, 42.99962463251075, 42.99962463251075, 42.99962463251075, 42.99962463251075, 42.99962463251075, 42.99962463251075]
iterations 27
[42.99962463251075, 42.99962463251075, 42.99962463251075, 42.99962463251075, 42.99962463251075, 42.99962463251075, 42.99962463251075, 42.99962463251075, 42.99962463251075, 42.99962463251075, 42.99962463251075, 42.99962463251075, 42.99962463251075, 42.99962463251075, 42.99962463251075, 42.99962463251075, 42.99962463251075, 42.99962463251075, 42.99962463251075, 42.99962463251075, 42.99962463251075, 42.99962463251075, 42.99962463251075, 42.99962463251075, 42.99962463251075, 42.99962463251075, 42.99962463251075, 42.99962463251075, 42.99962463251075, 42.99962463251075]
iterations 28
[42.99962463251075, 42.99962463251075, 42.99962463251075, 42.99962463251075, 42.99962463251075, 42.99962463251075, 42.99962463251075, 42.99962463251075, 42.99962463251075, 42.99962463251075, 42.99962463251075, 42.99962463251075, 42.99962463251075, 42.99962463251075, 42.99962463251075, 42.99962463251075, 42.99962463251075, 42.99962463251075, 42.99962463251075, 42.99962463251075, 42.99962463251075, 42.99962463251075, 42.99962463251075, 42.99962463251075, 42.99962463251075, 42.99962463251075, 42.99962463251075, 42.99962463251075, 42.99962463251075, 42.99962463251075]
iterations 29
[42.99962463251075, 42.99962463251075, 42.99962463251075, 42.99962463251075, 42.99962463251075, 42.99962463251075, 42.99962463251075, 42.99962463251075, 42.99962463251075, 42.99962463251075, 42.99962463251075, 42.99962463251075, 42.99962463251075, 42.99962463251075, 42.99962463251075, 42.99962463251075, 42.99962463251075, 42.99962463251075, 42.99962463251075, 42.99962463251075, 42.99962463251075, 42.99962463251075, 42.99962463251075, 42.99962463251075, 42.99962463251075, 42.99962463251075, 42.99962463251075, 42.99962463251075, 42.99962463251075, 42.99962463251075]
iterations 30
[42.999644771100584, 42.99962463251075, 42.99962463251075, 42.99962463251075, 42.99962463251075, 42.99962463251075, 42.99962463251075, 42.99962463251075, 42.99962463251075, 42.99962463251075, 42.99962463251075, 42.99962463251075, 42.99962463251075, 42.99962463251075, 42.99962463251075, 42.99962463251075, 42.99962463251075, 42.99962463251075, 42.99962463251075, 42.99962463251075, 42.99962463251075, 42.99962463251075, 42.99962463251075, 42.99962463251075, 42.99962463251075, 42.99962463251075, 42.99962463251075, 42.99962463251075, 42.99962463251075, 42.99962463251075]
iterations 31
[42.999644771100584, 42.99962463251075, 42.99962463251075, 42.99962463251075, 42.99962463251075, 42.99962463251075, 42.99962463251075, 42.99962463251075, 42.99962463251075, 42.99962463251075, 42.99962463251075, 42.99962463251075, 42.99962463251075, 42.99962463251075, 42.99962463251075, 42.99962463251075, 42.99962463251075, 42.99962463251075, 42.99962463251075, 42.99962463251075, 42.99962463251075, 42.99962463251075, 42.99962463251075, 42.999644771100584, 42.99962463251075, 42.99962463251075, 42.99962463251075, 42.999644771100584, 42.999644771100584, 42.99962463251075]
iterations 32
[42.999644771100584, 42.99962463251075, 42.99962463251075, 42.99962463251075, 42.999644771100584, 42.99962463251075, 42.999644771100584, 42.99962463251075, 42.99962463251075, 42.99962463251075, 42.99962463251075, 42.999644771100584, 42.99962463251075, 42.99962463251075, 42.999644771100584, 42.999644771100584, 42.99962463251075, 42.99962463251075, 42.99962463251075, 42.99962463251075, 42.99962463251075, 42.99962463251075, 42.99962463251075, 42.999644771100584, 42.999644771100584, 42.99962463251075, 42.99962463251075, 42.999644771100584, 42.999644771100584, 42.99962463251075]
iterations 33
[42.999644771100584, 42.999644771100584, 42.99962463251075, 42.999644771100584, 42.999644771100584, 42.999644771100584, 42.999644771100584, 42.99962463251075, 42.99962463251075, 42.999644771100584, 42.999644771100584, 42.999644771100584, 42.999644771100584, 42.999644771100584, 42.999644771100584, 42.999644771100584, 42.99962463251075, 42.999644771100584, 42.999644771100584, 42.999644771100584, 42.99962463251075, 42.999644771100584, 42.99962463251075, 42.999644771100584, 42.999644771100584, 42.999644771100584, 42.999644771100584, 42.999644771100584, 42.999644771100584, 42.999644771100584]
iterations 34
[42.999644771100584, 42.999644771100584, 42.999644771100584, 42.999644771100584, 42.999644771100584, 42.999644771100584, 42.999644771100584, 42.99962463251075, 42.99962463251075, 42.999644771100584, 42.999644771100584, 42.999644771100584, 42.999644771100584, 42.999644771100584, 42.999644771100584, 42.999644771100584, 42.999644771100584, 42.999644771100584, 42.999644771100584, 42.999644771100584, 42.999644771100584, 42.999644771100584, 42.999644771100584, 42.999644771100584, 42.999644771100584, 42.999644771100584, 42.999644771100584, 42.999644771100584, 42.999644771100584, 42.999644771100584]
iterations 35
[42.999644771100584, 42.999644771100584, 42.999644771100584, 42.999644771100584, 42.999644771100584, 42.999644771100584, 42.999644771100584, 42.99963485569698, 42.999644771100584, 42.999644771100584, 42.999644771100584, 42.999644771100584, 42.999644771100584, 42.999644771100584, 42.999644771100584, 42.999644771100584, 42.999644771100584, 42.999644771100584, 42.999644771100584, 42.999644771100584, 42.999644771100584, 42.999644771100584, 42.999644771100584, 42.999644771100584, 42.999644771100584, 42.999644771100584, 42.999644771100584, 42.999644771100584, 42.999644771100584, 42.999644771100584]
iterations 36
[42.999644771100584, 42.999644771100584, 42.999644771100584, 42.999644771100584, 42.999644771100584, 42.999644771100584, 42.999644771100584, 42.999644771100584, 42.999644771100584, 42.999644771100584, 42.999644771100584, 42.999644771100584, 42.999644771100584, 42.999644771100584, 42.999644771100584, 42.999644771100584, 42.999644771100584, 42.999644771100584, 42.999644771100584, 42.999644771100584, 42.999644771100584, 42.999644771100584, 42.999644771100584, 42.999644771100584, 42.999644771100584, 42.999644771100584, 42.999644771100584, 42.999644771100584, 42.999644771100584, 42.999644771100584]
iterations 37
[42.999644771100584, 42.999644771100584, 42.999644771100584, 42.999644771100584, 42.999644771100584, 42.999644771100584, 42.999644771100584, 42.999644771100584, 42.999644771100584, 42.999644771100584, 42.999644771100584, 42.999644771100584, 42.999644771100584, 42.999644771100584, 42.999644771100584, 42.999644771100584, 42.999644771100584, 42.999644771100584, 42.999644771100584, 42.999644771100584, 42.999644771100584, 42.999644771100584, 42.999644771100584, 42.999644771100584, 42.999644771100584, 42.999644771100584, 42.999644771100584, 42.999644771100584, 42.999644771100584, 42.999644771100584]
iterations 38
[42.999644771100584, 42.999644771100584, 42.999644771100584, 42.999644771100584, 42.999644771100584, 42.999644771100584, 42.999644771100584, 42.999644771100584, 42.999644771100584, 42.999644771100584, 42.999644771100584, 42.999644771100584, 42.999644771100584, 42.999644771100584, 42.999644771100584, 42.999644771100584, 42.999644771100584, 42.999644771100584, 42.999644771100584, 42.999644771100584, 42.999644771100584, 42.999644771100584, 42.999644771100584, 42.999644771100584, 42.999644771100584, 42.999644771100584, 42.999644771100584, 42.999644771100584, 42.999644771100584, 42.999644771100584]
iterations 39
[42.999644771100584, 42.999644771100584, 42.999644771100584, 42.999644771100584, 42.999644771100584, 42.999644771100584, 42.999644771100584, 42.999644771100584, 42.999644771100584, 42.999644771100584, 42.999644771100584, 42.999644771100584, 42.999644771100584, 42.999644771100584, 42.999644771100584, 42.999644771100584, 42.999644771100584, 42.999644771100584, 42.999644771100584, 42.999644771100584, 42.999644771100584, 42.999644771100584, 42.999644771100584, 42.999644771100584, 42.999644771100584, 42.999644771100584, 42.999644771100584, 42.999644771100584, 42.999644771100584, 42.999644771100584]
iterations 40
[42.999644771100584, 42.999644771100584, 42.999644771100584, 42.999644771100584, 42.999644771100584, 42.999644771100584, 42.999644771100584, 42.999644771100584, 42.999644771100584, 42.999644771100584, 42.999644771100584, 42.999644771100584, 42.999644771100584, 42.999644771100584, 42.999644771100584, 42.999644771100584, 42.999644771100584, 42.999644771100584, 42.999644771100584, 42.999644771100584, 42.999644771100584, 42.999644771100584, 42.999644771100584, 42.999644771100584, 42.999644771100584, 42.999644771100584, 42.999644771100584, 42.999644771100584, 42.999644771100584, 42.999644771100584]
iterations 41
[42.999644771100584, 42.999644771100584, 42.999644771100584, 42.999644771100584, 42.999644771100584, 42.999644771100584, 42.999644771100584, 42.999644771100584, 42.999644771100584, 42.999644771100584, 42.999644771100584, 42.999644771100584, 42.999644771100584, 42.999644771100584, 42.999644771100584, 42.999644771100584, 42.999644771100584, 42.999644771100584, 42.999644771100584, 42.999644771100584, 42.999644771100584, 42.999644771100584, 42.999644771100584, 42.999644771100584, 42.999644771100584, 42.999644771100584, 42.999644771100584, 42.999644771100584, 42.999644771100584, 42.999644771100584]
iterations 42
[42.999644771100584, 42.999644771100584, 42.999644771100584, 42.999644771100584, 42.999644771100584, 42.999644771100584, 42.999644771100584, 42.999644771100584, 42.999644771100584, 42.999644771100584, 42.999644771100584, 42.999644771100584, 42.999644771100584, 42.999644771100584, 42.999644771100584, 42.999644771100584, 42.999644771100584, 42.999644771100584, 42.999644771100584, 42.999644771100584, 42.999644771100584, 42.999644771100584, 42.999644771100584, 42.999644771100584, 42.999644771100584, 42.999644771100584, 42.999644771100584, 42.999644771100584, 42.999644771100584, 42.999644771100584]
iterations 43
[42.999644771100584, 42.999644771100584, 42.999644771100584, 42.999644771100584, 42.999644771100584, 42.999644771100584, 42.999644771100584, 42.999644771100584, 42.999644771100584, 42.999644771100584, 42.999644771100584, 42.999644771100584, 42.999644771100584, 42.999644771100584, 42.999644771100584, 42.999644771100584, 42.999644771100584, 42.999644771100584, 42.999644771100584, 42.999644771100584, 42.999644771100584, 42.999644771100584, 42.999644771100584, 42.999644771100584, 42.999644771100584, 42.999644771100584, 42.999644771100584, 42.999644771100584, 42.999644771100584, 42.999644771100584]
iterations 44
[42.999644771100584, 42.999644771100584, 42.999644771100584, 42.999644771100584, 42.999644771100584, 42.999644771100584, 42.999644771100584, 42.999644771100584, 42.999644771100584, 42.999644771100584, 42.999644771100584, 42.999644771100584, 42.999644771100584, 42.999644771100584, 42.999644771100584, 42.999644771100584, 42.999644771100584, 42.999644771100584, 42.999644771100584, 42.999644771100584, 42.999644771100584, 42.999644771100584, 42.999644771100584, 42.999644771100584, 42.999644771100584, 42.999644771100584, 42.999644771100584, 42.999644771100584, 42.999644771100584, 42.999644771100584]
iterations 45
[42.999644771100584, 42.999644771100584, 42.999644771100584, 42.999644771100584, 42.999644771100584, 42.999644771100584, 42.999644771100584, 42.999644771100584, 42.999644771100584, 42.999644771100584, 42.999644771100584, 42.999644771100584, 42.999644771100584, 42.999644771100584, 42.999644771100584, 42.999644771100584, 42.999644771100584, 42.999644771100584, 42.999644771100584, 42.999644771100584, 42.999644771100584, 42.999644771100584, 42.999644771100584, 42.999644771100584, 42.999644771100584, 42.999644771100584, 42.999644771100584, 42.999644771100584, 42.999644771100584, 42.999644771100584]
iterations 46
[42.999644771100584, 42.999644771100584, 42.999644771100584, 42.999644771100584, 42.999644771100584, 42.999644771100584, 42.999644771100584, 42.999644771100584, 42.999644771100584, 42.999644771100584, 42.999644771100584, 42.999644771100584, 42.999644771100584, 42.999644771100584, 42.999644771100584, 42.999644771100584, 42.999644771100584, 42.999644771100584, 42.999644771100584, 42.999644771100584, 42.999644771100584, 42.999644771100584, 42.999644771100584, 42.999644771100584, 42.999644771100584, 42.999644771100584, 42.999644771100584, 42.999644771100584, 42.999644771100584, 42.999644771100584]
iterations 47
[42.999644771100584, 42.999644771100584, 42.999644771100584, 42.999644771100584, 42.999644771100584, 42.999644771100584, 42.999644771100584, 42.999644771100584, 42.999644771100584, 42.999644771100584, 42.999644771100584, 42.999644771100584, 42.999644771100584, 42.999644771100584, 42.999644771100584, 42.999644771100584, 42.999644771100584, 42.999644771100584, 42.999644771100584, 42.999644771100584, 42.999644771100584, 42.999644771100584, 42.999644771100584, 42.999644771100584, 42.999644771100584, 42.999644771100584, 42.999644771100584, 42.999644771100584, 42.999644771100584, 42.999644771100584]
iterations 48
[42.999644771100584, 42.999644771100584, 42.999644771100584, 42.999644771100584, 42.999644771100584, 42.999644771100584, 42.999644771100584, 42.999644771100584, 42.999644771100584, 42.999644771100584, 42.999644771100584, 42.999644771100584, 42.999644771100584, 42.999644771100584, 42.999644771100584, 42.999644771100584, 42.999644771100584, 42.999644771100584, 42.999644771100584, 42.999644771100584, 42.999644771100584, 42.999644771100584, 42.999644771100584, 42.999644771100584, 42.999644771100584, 42.999644771100584, 42.999644771100584, 42.999644771100584, 42.999644771100584, 42.999644771100584]
iterations 49
[42.999644771100584, 42.999644771100584, 42.999644771100584, 42.999644771100584, 42.999644771100584, 42.999644771100584, 42.999644771100584, 42.999644771100584, 42.999644771100584, 42.999644771100584, 42.999644771100584, 42.999644771100584, 42.999644771100584, 42.999644771100584, 42.999644771100584, 42.999644771100584, 42.999644771100584, 42.999644771100584, 42.999644771100584, 42.999644771100584, 42.999644771100584, 42.999644771100584, 42.999644771100584, 42.999644771100584, 42.999644771100584, 42.999644771100584, 42.999644771100584, 42.999644771100584, 42.999644771100584, 42.999644771100584]
iterations 50
[42.999644771100584, 42.999644771100584, 42.999644771100584, 42.999644771100584, 42.999644771100584, 42.999644771100584, 42.999644771100584, 42.99964502186745, 42.999644771100584, 42.999644771100584, 42.999644771100584, 42.999644771100584, 42.999644771100584, 42.999644771100584, 42.999644771100584, 42.999644771100584, 42.999644771100584, 42.999644771100584, 42.999644771100584, 42.999644771100584, 42.999644771100584, 42.999644771100584, 42.999644771100584, 42.999644771100584, 42.999644771100584, 42.999644771100584, 42.999644771100584, 42.999644771100584, 42.999644771100584, 42.999644771100584]
