./data/populationFitness/20190923-1-VQD1.txt
iterations 1
[35.99879583602145, 28.998719087103716, 23.999757346452014, 28.999886814792003, 31.999853919475775, 32.999367076152865, 29.998549676069057, 24.99995672393162, 28.999165695437352, 31.99980777604283, 23.9998592734806, 29.9993667057237, 34.99963889189728, 29.999609054106095, 31.999790989634935, 28.999865250389135, 34.99950283980867, 32.999347490922844, 31.99948433570464, 29.99990565054337, 29.999771826700158, 33.99937592999907, 32.999782009359265, 27.9998291435036, 34.99924478740239, 33.99952130694074, 31.998881894756973, 27.998976289714687, 29.999221515090806, 28.99899992584082]
iterations 2
[35.99879583602145, 31.999790989862394, 34.99950396534798, 32.99985490048621, 32.999316739611366, 32.999367076152865, 34.99921935808274, 29.99990574921644, 34.999638891897405, 31.99980777604283, 31.999846284072355, 33.999549453245365, 34.99963889189728, 29.999609054106095, 31.999790989634935, 35.9998545815994, 34.99950283980867, 32.99959366404633, 31.99966074685707, 32.99941463440371, 29.999771826700158, 33.99937592999907, 32.999782009359265, 28.99899992584082, 34.99924478740239, 33.99952130694074, 31.998881894756973, 32.999367076152865, 30.999536628755237, 34.9995657940837]
iterations 3
[35.99879583602145, 31.999790989862394, 35.99879583602145, 35.9998545815994, 32.999316739611366, 32.999541128552906, 34.99921935808274, 34.99921935808274, 34.999638891897405, 31.99980777604283, 32.998829013307244, 33.999549453245365, 34.99963889189728, 29.999609054106095, 32.99881510181309, 35.9998545815994, 34.999627790438836, 34.99963027321394, 31.99966074685707, 32.99941463440371, 31.999775874761003, 35.99811219490007, 35.99836080191125, 34.99965351400048, 34.99924478740239, 33.999549453245365, 33.99976310245009, 32.99967086854326, 35.99985458150001, 34.9995657940837]
iterations 4
[35.99879583602145, 35.99879583602145, 35.999854583862486, 35.9998545815994, 35.999854580381246, 34.99956579394621, 34.99954823002652, 35.999567625804936, 35.99811107288044, 35.998360801913364, 33.99950044560927, 33.999549453245365, 34.99963889189728, 32.99963828254475, 35.99924466810438, 35.9998545815994, 34.999627790438836, 34.99963027321394, 34.99946706406819, 33.9997142813858, 34.999715498002374, 35.9992190717787, 36.999889220974715, 34.99965351400048, 34.999378685291056, 33.999549453245365, 33.99976310245009, 35.998112194789165, 35.99985458150001, 34.9995657940837]
iterations 5
[35.99879583602145, 35.99879583602145, 35.999854583862486, 35.9998545815994, 36.999244287846224, 34.99956579394621, 34.99954823002652, 35.999567625804936, 35.99921907173869, 35.998360801913364, 33.99950044560927, 33.999549453245365, 34.99963889189728, 32.99989759598135, 36.999889220974715, 35.9998545815994, 34.999627790438836, 34.99963027321394, 35.999235615316465, 33.999844935728085, 35.99980992399656, 35.9992190717787, 36.999889220974715, 35.99881416357845, 36.999889220974715, 35.9998545815994, 33.99976310245009, 35.998112194789165, 35.99985458150001, 34.9995657940837]
iterations 6
[36.999889220974715, 35.9998545815994, 36.999889220974715, 36.999244287846224, 36.999244287846224, 35.9998545815994, 36.999889220974715, 36.999889220974715, 35.99921907173869, 35.99969978341091, 35.99879583602145, 35.99879583602145, 38.99828395816279, 32.99989759598135, 36.999889220974715, 35.999854583862486, 34.999627790438836, 34.99963027321394, 35.99929326597258, 33.99985552194087, 35.99980992399656, 35.9992190717787, 36.999889220974715, 36.99809211529419, 36.999889220974715, 35.9998545815994, 35.99879583602145, 36.999889220974715, 35.999854583862486, 36.999889220974715]
iterations 7
[36.999889220974715, 36.999889220974715, 36.999889220974715, 36.999244287846224, 36.999889220974715, 35.999854583862486, 36.999889220974715, 36.999889220974715, 36.999889220974715, 36.999889220974715, 36.999889220974715, 36.999889220974715, 38.99828395816279, 36.999889220974715, 38.998286330174594, 36.99808974328237, 36.999889220974715, 36.999889220974715, 36.999889220974715, 36.999889220974715, 36.999889220974715, 36.999889220974715, 36.999889220974715, 36.99809211529419, 36.999889220974715, 35.9998545815994, 35.9998545815994, 36.999889220974715, 35.999854583862486, 36.999889220974715]
iterations 8
[36.999889220974715, 36.999889220974715, 36.999889220974715, 36.999889220974715, 36.999889220974715, 36.99799401552942, 36.999889220974715, 36.999889220974715, 36.999889220974715, 36.999889220974715, 36.999889220974715, 36.999889220974715, 38.99828395816279, 36.999889220974715, 38.998286330174594, 36.999889220974715, 36.999889220974715, 36.999889220974715, 36.999889220974715, 36.999889220974715, 36.999889220974715, 36.999889220974715, 36.999889220974715, 36.999889220974715, 36.999889220974715, 36.999889220974715, 36.999889220974715, 36.999889220974715, 36.99979112111257, 38.998257333580305]
iterations 9
[36.999889220974715, 36.999889220974715, 36.999889220974715, 38.99936631719703, 38.99935480103603, 36.99799401552942, 36.999889220974715, 36.999889220974715, 36.999889220974715, 37.99821559646398, 36.999889220974715, 36.999889220974715, 38.99828395816279, 38.998268433635914, 38.998286330174594, 36.999889220974715, 38.998283958163434, 36.999889220974715, 38.998227210811656, 36.999889220974715, 38.99821725305671, 36.999889220974715, 38.9982368182465, 36.999889220974715, 36.999889220974715, 36.999889220974715, 36.99990292579196, 36.999889220974715, 36.999889220974715, 38.998257333580305]
iterations 10
[36.999889220974715, 36.999889220974715, 36.999889220974715, 38.99981992720347, 38.99935480103603, 38.99826135410652, 38.998268433635914, 38.999354732417565, 38.99833344487497, 37.99821559646398, 38.99821967687918, 38.99828093262419, 38.99828395816279, 38.998268433635914, 38.998286330174594, 38.998186349653, 38.998283958163434, 36.999889220974715, 38.998227210811656, 38.998283953235344, 38.99821725305671, 36.999889220974715, 38.99828463171102, 36.999889220974715, 38.998214696733044, 36.999889220974715, 36.99990292579196, 36.999889220974715, 36.99990292579196, 38.998257333580305]
iterations 11
[38.99828395816279, 38.99828093262419, 36.999889220974715, 38.99981992720347, 38.99935480103603, 38.99826135410652, 38.998268433635914, 38.999761069816365, 38.99833344487497, 38.998185971631436, 38.99821967687918, 38.99828633017381, 38.999354773608054, 38.998268433635914, 38.998286330174594, 38.998186349653, 38.998283958163434, 38.99821967687914, 38.998227210811656, 38.998283953235344, 38.99981496089139, 36.999889220974715, 38.99828463171102, 38.998268433635914, 38.99833184930356, 38.99822848550403, 38.998280932623416, 38.99821519701561, 38.998286330174594, 38.99833344487497]
iterations 12
[38.99828395816279, 38.99828093262419, 38.998187223394766, 38.99981992720347, 38.99935480103603, 38.99828463171102, 38.998268433635914, 38.999761069816365, 38.99833344487497, 38.998185971631436, 38.99821967687918, 38.99828633017381, 38.999354773608054, 38.998268433635914, 38.998286330174594, 38.998280932623416, 38.998283958163434, 38.99833184930356, 38.9982684336355, 38.998283953235344, 38.99981496089139, 38.99833344487497, 38.99828463171102, 38.998283953235344, 38.99833184930356, 38.99822882340723, 38.998283954526144, 38.998268433635914, 38.998286330174594, 38.99833344487497]
iterations 13
[38.99828395816279, 38.998286330173656, 38.99833344487497, 38.99981992720347, 38.99935480103603, 38.99828463171102, 38.998284633326215, 38.999761069816365, 38.99833344487497, 38.99826843363512, 38.999413418957246, 38.99832275835536, 38.999761069816365, 38.99828395816279, 38.998286330174594, 38.99828093262419, 38.998283958163434, 38.99981496086492, 38.998283953235344, 38.998283953235344, 38.99981496089139, 38.99833344487497, 38.99828463171102, 38.998283954526144, 38.99833184930356, 38.99826209279683, 38.99828633017381, 38.998268433635914, 38.998286330174594, 38.99833344487497]
iterations 14
[38.99828395816279, 38.99833184930356, 38.99833344487497, 38.99981992720347, 38.99935480103603, 38.999761388166505, 38.999830883733864, 38.999761069816365, 38.999413418957246, 38.998286330174594, 38.999413418957246, 38.99832275835536, 38.999761069816365, 38.99968345659302, 38.99981992720347, 38.99981992720347, 38.998283958163434, 38.99981496086492, 38.99828633017381, 38.99833184930356, 38.99981496089139, 38.99833344487497, 38.99828633017381, 38.998283954526144, 38.99833184930356, 38.998283958163434, 38.99828633017381, 38.99833184930356, 39.99824869036415, 38.99978977895688]
iterations 15
[38.99828633017381, 38.99833184930356, 38.99935520819385, 38.99981992720347, 38.99935480103603, 38.999761388166505, 38.999830883733864, 38.999761069816365, 38.99980570182583, 39.99820157566299, 38.999413418957246, 38.999413418957246, 38.99978977895688, 39.99819920365262, 38.99981992720347, 38.99981992720347, 39.99926103921678, 38.99981496086492, 38.99972214567115, 38.999761388166505, 38.99981496089139, 38.99833344487497, 38.998286330174594, 38.99981496089139, 38.99833184930356, 38.998283958163434, 38.99828633017381, 38.99833184930356, 39.99824869036415, 38.99978977895688]
iterations 16
[39.99926026003514, 38.99833184930356, 38.99935520819385, 39.99820157566299, 39.999261342299235, 38.999761388166505, 38.999830883733864, 38.999761069816365, 39.99820157566299, 39.99820157566299, 38.99981992720347, 38.999761388166505, 39.99824869036415, 39.99819920365262, 38.99981992720347, 38.99981992720347, 39.99926103921678, 39.99820157566299, 38.99972214567115, 39.99824869036415, 38.99981496089139, 39.99926045388037, 38.998286330174594, 38.99981496089139, 38.99833184930356, 38.99967849028094, 39.99926722281919, 39.998195391069544, 39.99824869036415, 38.99978977895688]
iterations 17
[39.99926026003514, 38.99833184930356, 39.99824695797077, 39.999262538329134, 39.999261342299235, 38.999761388166505, 39.99824869036415, 39.99820157566299, 39.99820157566299, 39.99820157566299, 39.99819920365262, 38.999761388166505, 39.99824869036415, 39.99820157566299, 39.99824868614443, 39.99925906082594, 39.99926103921678, 39.99820157566299, 39.99926113037884, 39.99824869036415, 39.9992232497304, 39.99926045388037, 40.99974426289356, 38.99981496089139, 39.99926708402982, 38.99967849028094, 39.99926722281919, 39.998195391069544, 39.99824869036415, 38.99978977895688]
iterations 18
[39.99926026003514, 39.998195391069544, 39.99824869036415, 39.999262538329134, 40.999744262892406, 39.999267391635684, 39.99824869036415, 39.999259483889354, 39.99820157566299, 39.99926120606437, 39.99926652772133, 39.99824869036357, 39.99824869036415, 39.999262536103686, 39.99824868614443, 39.99925906082594, 39.99926103921678, 39.99820157566381, 39.99926113037884, 40.99974426289356, 39.99922417167354, 39.99926045388037, 40.99974426289356, 39.999260676518745, 39.99926708402982, 39.99824695797077, 39.99926722281919, 39.998195391069544, 39.99824869036415, 39.999257888775574]
iterations 19
[40.99974422575028, 39.998195391069544, 39.99824869036415, 39.999262538329134, 40.999744262892406, 39.999267391635684, 39.99824869036415, 39.999267425117345, 39.999262551696894, 39.999267205748545, 39.99926652772133, 39.999262370775746, 39.999267466865206, 39.999262536103686, 39.99824868614443, 39.99925906082594, 40.99975612741784, 39.99820157566381, 39.99926113037884, 40.99974426289356, 40.99976882810204, 39.99926045388037, 40.99974426289356, 39.999262536103686, 39.99926708402982, 39.999672806306386, 40.99974664844235, 39.99824630481536, 39.99926571496154, 40.9997442387822]
iterations 20
[40.99974422575028, 40.99974507206519, 39.99824869036415, 40.99961965680702, 40.999744262892406, 40.99976949217561, 39.99926344002642, 39.999267425117345, 40.99976882810204, 40.9997442387822, 39.99926652772133, 39.999262370775746, 39.999267466865206, 40.9997688281017, 39.99926571503644, 40.998692167834925, 40.99975612741784, 39.999261830278485, 40.99975612741784, 40.99974426289356, 40.99976882810204, 40.9997442387822, 40.99974426289356, 39.999262536103686, 39.99926708402982, 39.999672806306386, 40.99974664844235, 39.99824869036415, 39.99926609026413, 40.9997442387822]
iterations 21
[40.99974426289356, 40.99974507206519, 40.99974426289356, 40.99975612741784, 40.999744262892406, 40.99976949217561, 40.999768826857505, 39.999267425117345, 40.99976882810204, 40.9997442387822, 40.99974664844235, 40.99974422575028, 40.99974422575028, 40.9997688281017, 40.99869242093741, 40.999769164616566, 40.99975612741784, 40.9997442387822, 40.99975612741784, 40.99974426289356, 40.99976949217561, 40.99974426289356, 40.99975612741784, 40.99974426289356, 40.99976949217561, 40.9997442387822, 40.99976882810204, 40.9997688281017, 40.99960776817136, 40.9997442387822]
iterations 22
[40.99975612741784, 40.99976949217561, 40.99974426289356, 40.99975612741784, 40.999744262892406, 40.99976949217561, 40.999768826857505, 40.99974426289356, 40.99976949217561, 40.99974426289356, 40.999768826857505, 40.99976882810204, 40.99975612741784, 40.9997688281017, 40.99975612741784, 40.999769164616566, 40.99975612741784, 40.99974426289356, 40.99975612741784, 40.999768826856354, 40.999809231633144, 40.9997688281017, 40.9997688281017, 40.99974426289356, 40.99976949217561, 40.999769164616566, 40.99976882810204, 40.9997688281017, 40.99975612741784, 40.9997442387822]
iterations 23
[40.9997688281017, 40.99976949217561, 40.99976882810204, 40.999768826857505, 40.99976882810204, 40.99976949217561, 40.999768826857505, 40.99976949217561, 40.99976949217561, 40.99976949217561, 40.9997688281017, 40.999769164616566, 40.999768826857505, 40.9997688281017, 40.99976882810204, 40.999769164616566, 40.9997688281017, 40.99974426289356, 40.99975612741784, 40.999769164616566, 40.999809231633144, 40.999769164616566, 40.9997688281017, 40.99974426289356, 40.99976949217561, 40.999769164616566, 40.999769164616566, 40.9997688281017, 40.99975612741784, 40.999744262892406]
iterations 24
[40.9997688281017, 40.99976949217561, 40.99976882810204, 40.9997688281017, 40.99976949217561, 40.99976949217561, 40.99976949217561, 40.99977699291026, 40.99976949217561, 40.99976949217561, 40.99976949217561, 40.99976949217561, 40.9997688281017, 40.99976949217561, 40.99976882810204, 40.999769164616566, 40.9997688281017, 40.99976949217561, 40.999769164616566, 40.999809231633144, 40.999809231633144, 40.999769164616566, 40.9997688281017, 40.999809231633144, 40.99976949217561, 40.999769164616566, 40.999769164616566, 40.99976949217561, 40.999769164616566, 40.9997688281017]
iterations 25
[40.9997688281017, 40.99976949217561, 40.999769164616566, 40.999769164616566, 40.99976949217561, 40.99976949217561, 40.99976949217561, 40.99977699291026, 40.999809231633144, 40.99976949217561, 40.99976949217561, 40.99976949217561, 40.9997688281017, 40.99976949217561, 40.99976882810204, 40.999769164616566, 40.99977699291026, 40.99976949217561, 40.99976949217561, 40.999809231633144, 40.999809231633144, 40.999769164616566, 40.99976949217561, 40.999809231633144, 40.99976949217561, 40.999809231633144, 40.999769164616566, 40.99976949217561, 40.999769164616566, 40.999769164616566]
iterations 26
[40.9997688281017, 40.99977699291026, 40.999769164616566, 40.99976949217561, 40.99976949217561, 40.99976949217561, 40.99976949217561, 40.999809231633144, 40.999809231633144, 40.99976949217561, 40.99976949217561, 40.999809231633144, 40.99976949217561, 40.99976949217561, 40.999769164616566, 40.99976949217561, 40.99977699291026, 40.99976949217561, 40.99976949217561, 40.999809231633144, 40.999809231633144, 40.999809231633144, 40.99976949217561, 40.999809231633144, 40.99976949217561, 40.999809231633144, 40.999769164616566, 40.99976949217561, 40.999769164616566, 40.99977699291026]
iterations 27
[40.999809231633144, 40.99977699291026, 40.99976949217561, 40.999809231633144, 40.99976949217561, 40.99980989570671, 40.99976949217561, 40.999809231633144, 40.999809231633144, 40.99976949217561, 40.999809231633144, 40.999809231633144, 40.99976949217561, 40.99976949217561, 40.999769164616566, 40.99976949217561, 40.99977699291026, 40.99976949217561, 40.99976949217561, 40.999809231633144, 40.999809231633144, 40.999834460915196, 40.99976949217561, 40.999809231633144, 40.99976949217561, 40.999809231633144, 40.999809231633144, 40.99976949217561, 40.99976949217561, 40.99977699291026]
iterations 28
[40.999809231633144, 40.99977788896176, 40.999809231633144, 40.999809231633144, 40.999834460915196, 40.99980989570671, 40.99976949217561, 40.999834460915196, 40.999809231633144, 40.99976949217561, 40.999809231633144, 40.999809231633144, 40.99980222219231, 40.99976949217561, 40.999809231633144, 40.99976949217561, 40.99977699291026, 40.99977699291026, 40.99976949217561, 40.999809231633144, 40.999809231633144, 40.999834460915196, 40.99976949217561, 40.999809231633144, 40.999809231633144, 40.999809231633144, 40.999809231633144, 40.999809231633144, 40.99980989570671, 40.999834460915196]
iterations 29
[40.999809231633144, 40.999809231633144, 40.999809231633144, 40.999809231633144, 40.999834460915196, 40.99980989570671, 40.99976949217561, 40.999834460915196, 40.99982176023099, 40.99977699289256, 40.999809231633144, 40.999809231633144, 40.999834460915196, 40.999809231633144, 40.999809231633144, 40.999809231633144, 40.999809231633144, 40.999809231633144, 40.999834460915196, 40.999809231633144, 40.999809231633144, 40.999834460915196, 40.999834460915196, 40.999809231633144, 40.999809231633144, 40.999834460915196, 40.999834460915196, 40.999809231633144, 40.99980989570671, 40.999834460915196]
iterations 30
[40.999809231633144, 40.999809231633144, 40.999834460915196, 40.999809231633144, 40.999834460915196, 40.99980989570671, 40.999809231633144, 40.999834460915196, 40.99982176023099, 40.999809231633144, 40.999809231633144, 40.999809231633144, 40.999834460915196, 40.999809231633144, 40.999834460915196, 40.999834460915196, 40.999834460915196, 40.999809231633144, 40.999834460915196, 40.999834460915196, 40.999809231633144, 40.999834460915196, 40.999834460915196, 40.999809231633144, 40.999834460915196, 40.999834460915196, 40.999834460915196, 40.999809231633144, 40.99980989570671, 40.999834460915196]
iterations 31
[40.999834460915196, 40.999809231633144, 40.999834460915196, 40.999809231633144, 40.999834460915196, 40.999834460915196, 40.999834460915196, 40.999834460915196, 40.999834460915196, 40.999834460915196, 40.999834460915196, 40.999809231633144, 40.999834460915196, 40.999809231633144, 40.999834460915196, 40.999834460915196, 40.999834460915196, 40.999834460915196, 40.999834460915196, 40.999834460915196, 40.999809231633144, 40.999834460915196, 40.999834460915196, 40.999834460915196, 40.999834460915196, 40.999834460915196, 40.999834460915196, 40.999809231633144, 40.999834460915196, 40.999834460915196]
iterations 32
[40.999834460915196, 40.999834460915196, 40.999834460915196, 40.999834460915196, 40.999834460915196, 40.999834460915196, 40.999834460915196, 40.999834460915196, 40.999834460915196, 40.999834460915196, 40.999834460915196, 40.999834460915196, 40.999834460915196, 40.999809231633144, 40.999834460915196, 40.999834460915196, 40.999834460915196, 40.999834460915196, 40.999834460915196, 40.999834460915196, 40.999834460915196, 40.999834460915196, 40.999834460915196, 40.999834460915196, 40.999834460915196, 40.999834460915196, 40.999834460915196, 40.999834460915196, 40.999834460915196, 40.999834460915196]
iterations 33
[40.999834460915196, 40.999834460915196, 40.999834460915196, 40.999834460915196, 40.999834460915196, 40.999834460915196, 40.999834460915196, 40.999834460915196, 40.999834460915196, 40.999834460915196, 40.999834460915196, 40.999834460915196, 40.999834460915196, 40.999834460915196, 40.999834460915196, 40.999834460915196, 40.999834460915196, 40.999834460915196, 40.999834460915196, 40.999834460915196, 40.999834460915196, 40.999834460915196, 40.999834460915196, 40.999834460915196, 40.999834460915196, 40.999834460915196, 40.999834460915196, 40.999834460915196, 40.999834460915196, 40.999834460915196]
iterations 34
[40.999834460915196, 40.999834460915196, 40.999834460915196, 40.999834460915196, 40.999834460915196, 40.999834460915196, 40.999834460915196, 40.999834460915196, 40.999834460915196, 40.999834460915196, 40.999834460915196, 40.999834460915196, 40.999834460915196, 40.999834460915196, 40.999834460915196, 40.999834460915196, 40.999834460915196, 40.999834460915196, 40.999834460915196, 40.999834460915196, 40.999834460915196, 40.999834460915196, 40.999834460915196, 40.999834460915196, 40.999834460915196, 40.999834460915196, 40.999834460915196, 40.999834460915196, 40.999834460915196, 40.999834460915196]
iterations 35
[40.999834460915196, 40.999834460915196, 40.999834460915196, 40.999834460915196, 40.999834460915196, 40.999834460915196, 40.99984263531257, 40.999834460915196, 40.999834460915196, 40.999834460915196, 40.999834460915196, 40.999834460915196, 40.999834460915196, 40.999834460915196, 40.999834460915196, 40.999834460915196, 40.999834460915196, 40.999834460915196, 40.999834460915196, 40.999834460915196, 40.999834460915196, 40.999834460915196, 40.999834460915196, 40.999834460915196, 40.999834460915196, 40.999834460915196, 40.999834460915196, 40.999834460915196, 40.999834460915196, 40.999834460915196]
iterations 36
[40.999834460915196, 40.999834460915196, 40.999834460915196, 40.99984263531257, 40.999834460915196, 40.999834460915196, 40.99984263531257, 40.999834460915196, 40.999834460915196, 40.999834460915196, 40.999834460915196, 40.999834460915196, 40.999834460915196, 40.999834460915196, 40.999834460915196, 40.999834460915196, 40.999834460915196, 40.999834460915196, 40.999834460915196, 40.999834460915196, 40.999834460915196, 40.999834460915196, 40.99984263531257, 40.999834460915196, 40.999834460915196, 40.999834460915196, 40.999834460915196, 40.999834460915196, 40.999834460915196, 40.999834460915196]
iterations 37
[40.999834460915196, 40.999834460915196, 40.99984263531257, 40.99984263531257, 40.999834460915196, 40.999834460915196, 40.99984263531257, 40.999834460915196, 40.999834460915196, 40.999834460915196, 40.999834460915196, 40.999834460915196, 40.999834460915196, 40.999834460915196, 40.999834460915196, 40.999834460915196, 40.999834460915196, 40.999834460915196, 40.999834460915196, 40.999834460915196, 40.999834460915196, 40.999834460915196, 40.99984263531257, 40.999834460915196, 40.999834460915196, 40.99984263531257, 40.999834460915196, 40.999834460915196, 40.999834460915196, 40.999834460915196]
iterations 38
[40.999834460915196, 40.999834460915196, 40.99984263531257, 40.99984263531257, 40.999834460915196, 40.999834460915196, 40.99984263531257, 40.999834460915196, 40.999834460915196, 40.999834460915196, 40.999834460915196, 40.999834460915196, 40.999834460915196, 40.999834460915196, 40.999834460915196, 40.999834460915196, 40.999834460915196, 40.99983494065315, 40.99984263531257, 40.999834460915196, 40.999834460915196, 40.999834460915196, 40.99984263531257, 40.999834460915196, 40.999834460915196, 40.99984263531257, 40.999834460915196, 40.999834460915196, 40.99984263531257, 40.999834460915196]
iterations 39
[40.999834460915196, 40.999834460915196, 40.99984263531257, 40.99984263531257, 40.999834460915196, 40.999834460915196, 40.99984263531257, 40.999834460915196, 40.999834460915196, 40.999834460915196, 40.999834460915196, 40.999834460915196, 40.999834460915196, 40.999834460915196, 40.999834460915196, 40.999834460915196, 40.999834460915196, 40.99983494065315, 40.99984263531257, 40.99984263531257, 40.999834460915196, 40.999834460915196, 40.99984263531257, 40.999834460915196, 40.999834460915196, 40.99984263531257, 40.999834460915196, 40.999834460915196, 40.99984263531257, 40.999834460915196]
iterations 40
[40.99983494065315, 40.999834460915196, 40.99984263531257, 40.99984263531257, 40.99984263531257, 40.999834460915196, 40.99984263531257, 40.999834460915196, 40.99984263531257, 40.999834460915196, 40.999834460915196, 40.99984263531257, 40.999834460915196, 40.999834460915196, 40.999834460915196, 40.999834460915196, 40.999834460915196, 40.99983494065315, 40.99984263531257, 40.99984263531257, 40.999834460915196, 40.999834460915196, 40.99984263531257, 40.99984263531257, 40.99983494065315, 40.99984263531257, 40.99984263531257, 40.999834460915196, 40.99984263531257, 40.999834460915196]
iterations 41
[40.99983494065315, 40.99984263531257, 40.99984263531257, 40.99984263531257, 40.99984263531257, 40.999834460915196, 40.99984263531257, 40.99984263531257, 40.99984263531257, 40.99983494065315, 40.99983494065315, 40.99984263531257, 40.99984263531257, 40.99984263531257, 40.99984263531257, 40.999834460915196, 40.999834460915196, 40.99983494065315, 40.99984263531257, 40.99984263531257, 40.99984263531257, 40.99984263531257, 40.99984263531257, 40.99984263531257, 40.99984263531257, 40.99984263531257, 40.99984263531257, 40.999834460915196, 40.99984263531257, 40.999834460915196]
iterations 42
[40.99984263531257, 40.99984263531257, 40.99984263531257, 40.99984263531257, 40.99984263531257, 40.99984263531257, 40.99984263531257, 40.99984263531257, 40.99984263531257, 40.99984263531257, 40.99984263531257, 40.999843559436684, 40.99984263531257, 40.99984263531257, 40.99984263531257, 40.99984263531257, 40.999834460915196, 40.99983494065315, 40.9998552414968, 40.99984263531257, 40.99984263531257, 40.99984263531257, 40.99984263531257, 40.99984263531257, 40.99984263531257, 40.99984263531257, 40.99984263531257, 40.99984263531257, 40.99984263531257, 40.99984263531257]
iterations 43
[40.99984263531257, 40.99984263531257, 40.99984263531257, 40.999843559436684, 40.99984263531257, 40.99984263531257, 40.99984263531257, 40.99984263531257, 40.99984263531257, 40.99984263531257, 40.99984263531257, 40.999843559436684, 40.99984263531257, 40.99984263531257, 40.99984263531257, 40.99984263531257, 40.999834460915196, 40.99984263531257, 40.9998552414968, 40.99984263531257, 40.99984263531257, 40.99984263531257, 40.99984263531257, 40.99984263531257, 40.99984263531257, 40.99984263531257, 40.99984263531257, 40.99984263531257, 40.99984263531257, 40.99984263531257]
iterations 44
[40.99984263531257, 40.99984263531257, 40.99984263531257, 40.999843559436684, 40.99984263531257, 40.99984263531257, 40.99984263531257, 40.99984263531257, 40.99984263531257, 40.99984263531257, 40.99984263531257, 40.999843559436684, 40.99984263531257, 40.99984263531257, 40.99984263531257, 40.99984263531257, 40.99984263531257, 40.9998552414968, 40.9998552414968, 40.99984263531257, 40.99984263531257, 40.99984263531257, 40.99984263531257, 40.99984263531257, 40.99984263531257, 40.99984263531257, 40.99984263531257, 40.99984263531257, 40.99984263531257, 40.99984263531257]
iterations 45
[40.99984263531257, 40.99984263531257, 40.99984263531257, 40.999843559436684, 40.99984263531257, 40.9998552414968, 40.99984263531257, 40.99984263531257, 40.99984263531257, 40.99984263531257, 40.99984263531257, 40.999843559436684, 40.99984263531257, 40.99984263531257, 40.99984263531257, 40.99984263531257, 40.99984263531257, 40.9998552414968, 40.9998552414968, 40.99984263531257, 40.99984263531257, 40.999843559436684, 40.99984263531257, 40.99984263531257, 40.99984263531257, 40.99984263531257, 40.99984263531257, 40.99984263531257, 40.99984263531257, 40.99984263531257]
iterations 46
[40.99984263531257, 40.99984263531257, 40.99984263531257, 40.999843559436684, 40.9998552414968, 40.9998552414968, 40.99984263531257, 40.99984263531257, 40.99984263531257, 40.99984263531257, 40.99984263531257, 40.999843559436684, 40.99984263531257, 40.99984263531257, 40.99984263531257, 40.99984263531257, 40.99984263531257, 40.9998552414968, 40.9998552414968, 40.99984263531257, 40.9998552414968, 40.999843559436684, 40.99984263531257, 40.99984263531257, 40.99984263531257, 40.9998552414968, 40.999843559436684, 40.99984263531257, 40.99984263531257, 40.99984263531257]
iterations 47
[40.99984263531257, 40.99984263531257, 40.9998552414968, 40.999843559436684, 40.9998552414968, 40.9998552414968, 40.9998552414968, 40.9998552414968, 40.999843559436684, 40.99984263531257, 40.99984263531257, 40.999843559436684, 40.999843559436684, 40.99984263531257, 40.999843559436684, 40.99984263531257, 40.9998552414968, 40.9998552414968, 40.9998552414968, 40.999843559436684, 40.9998552414968, 40.999843559436684, 40.99984263531257, 40.99984263531257, 40.99984263531257, 40.9998552414968, 40.9998552414968, 40.9998552414968, 40.99984263531257, 40.99984263531257]
iterations 48
[40.99984263531257, 40.9998552414968, 40.9998552414968, 40.999843559436684, 40.9998552414968, 40.9998552414968, 40.9998552414968, 40.9998552414968, 40.999843559436684, 40.999843559436684, 40.99984263531257, 40.999843559436684, 40.999843559436684, 40.999843559436684, 40.9998552414968, 40.9998552414968, 40.9998552414968, 40.9998552414968, 40.9998552414968, 40.9998552414968, 40.9998552414968, 40.999843559436684, 40.999843559436684, 40.9998552414968, 40.9998552414968, 40.9998552414968, 40.9998552414968, 40.9998552414968, 40.99984263531257, 40.9998552414968]
iterations 49
[40.9998552414968, 40.9998552414968, 40.9998552414968, 40.999843559436684, 40.9998552414968, 40.9998552414968, 40.9998552414968, 40.9998552414968, 40.999843559436684, 40.99985616562091, 40.999843559436684, 40.999843559436684, 40.9998552414968, 40.999843559436684, 40.9998552414968, 40.9998552414968, 42.998775434825305, 40.9998552414968, 40.9998552414968, 40.9998552414968, 40.9998552414968, 40.9998552414968, 40.999843559436684, 40.9998552414968, 40.9998552414968, 40.9998552414968, 40.9998552414968, 40.9998552414968, 40.99984263531257, 40.9998552414968]
iterations 50
[40.9998552414968, 40.9998552414968, 40.9998552414968, 40.9998552414968, 40.9998552414968, 40.9998552414968, 40.9998552414968, 40.9998552414968, 40.9998552414968, 40.99985616562091, 40.9998552414968, 42.9987442020186, 40.9998552414968, 40.9998552414968, 40.9998552414968, 40.9998552414968, 42.998775434825305, 40.9998552414968, 40.9998552414968, 40.9998552414968, 40.9998552414968, 40.9998552414968, 40.9998552414968, 40.9998552414968, 40.9998552414968, 40.9998552414968, 40.9998552414968, 40.9998552414968, 40.9998552414968, 40.9998552414968]
iterations 51
[40.9998552414968, 40.9998552414968, 40.9998552414968, 40.9998552414968, 40.9998552414968, 42.998775434825305, 40.9998552414968, 40.9998552414968, 42.998775434825305, 40.99985616562091, 40.9998552414968, 42.9987442020186, 40.9998552414968, 40.9998552414968, 40.99985616562091, 40.9998552414968, 42.998775434825305, 40.9998552414968, 40.9998552414968, 40.9998552414968, 40.9998552414968, 40.9998552414968, 42.9987442020186, 40.9998552414968, 40.9998552414968, 40.99985616562091, 40.9998552414968, 42.9987442020186, 40.9998552414968, 40.9998552414968]
iterations 52
[42.998775434825305, 40.9998552414968, 40.9998552414968, 42.998775434825305, 40.9998552414968, 42.998775434825305, 40.9998552414968, 40.9998552414968, 42.998775434825305, 40.99985616562091, 40.99985616562091, 42.9987442020186, 40.9998552414968, 40.99985616562091, 40.99985616562091, 40.9998552414968, 42.998775434825305, 40.9998552414968, 42.998775434825305, 42.998775434825305, 40.9998552414968, 40.9998552414968, 42.9987442020186, 40.9998552414968, 42.9987442020186, 42.9987442020186, 42.998775434825305, 42.9987442020186, 40.9998552414968, 42.9987442020186]
iterations 53
[42.998775434825305, 42.9987442020186, 42.998775434825305, 42.998775434825305, 42.9987442020186, 42.998775434825305, 40.9998552414968, 42.998775434825305, 42.998775434825305, 40.99985616562091, 42.9987442020186, 42.99960201654116, 42.998775434825305, 42.99875145256007, 42.998775434825305, 42.9987442020186, 42.998775434825305, 42.9987442020186, 42.998775434825305, 42.998775434825305, 42.998775434825305, 42.998775434825305, 42.9987442020186, 42.998775434825305, 42.998775434825305, 42.998775434825305, 42.998775434825305, 42.998775434825305, 42.998775434825305, 42.998775434825305]
iterations 54
[42.99960201654116, 42.998775434825305, 42.998775434825305, 42.99960201654116, 42.998775434825305, 42.998775434825305, 42.998775434825305, 42.99960201654116, 42.998775434825305, 42.998775434825305, 42.998775434825305, 42.99960201654116, 42.998775434825305, 42.998775434825305, 42.998775434825305, 42.998775434825305, 42.99960201654116, 42.9987442020186, 42.998775434825305, 42.998775434825305, 42.998775434825305, 42.998775434825305, 42.998775434825305, 42.99960201654116, 42.998775434825305, 42.998775434825305, 42.998775434825305, 42.998775434825305, 42.998775434825305, 42.998775434825305]
iterations 55
[42.99960201654116, 42.998775434825305, 42.998775434825305, 42.99960201654116, 42.998775434825305, 42.998775434825305, 42.99960201654116, 42.99960201654116, 42.998775434825305, 42.998775434825305, 42.99960201654116, 42.99960201654116, 42.998775434825305, 42.998775434825305, 42.998775434825305, 42.998775434825305, 42.99960201654116, 42.998775434825305, 42.998775434825305, 42.998775434825305, 42.998775434825305, 42.99960201654116, 42.998775434825305, 42.99960201654116, 42.998775434825305, 42.998775434825305, 42.998775434825305, 42.998775434825305, 42.99878034261671, 42.99960201654116]
iterations 56
[42.99960201654116, 42.99960201654116, 42.99960201654116, 42.99960201654116, 42.99960201654116, 42.99960201654116, 42.99960201654116, 42.99960201654116, 42.998775434825305, 42.99960201654116, 42.99960201654116, 42.99960201654116, 42.998775434825305, 42.998775434825305, 42.99960201654116, 42.998775434825305, 42.99960201654116, 42.99960201654116, 42.998775434825305, 42.998775434825305, 42.998775434825305, 42.99960201654116, 42.998775434825305, 42.99960201654116, 42.99960201654116, 42.998775434825305, 42.998775434825305, 42.998775434825305, 42.99960201654116, 42.99960201654116]
iterations 57
[42.99960201654116, 42.99960201654116, 42.99960201654116, 42.99960201654116, 42.99960201654116, 42.99960201654116, 42.99960201654116, 42.99960201654116, 42.99960201654116, 42.99960201654116, 42.99960201654116, 42.99960201654116, 42.99960201654116, 42.998775434825305, 42.99960201654116, 42.998775434825305, 42.99960201654116, 42.99960201654116, 42.998775434825305, 42.99960201654116, 42.99960201654116, 42.99960201654116, 42.99960201654116, 42.99960201654116, 42.99960201654116, 42.998775434825305, 42.99960201654116, 42.99960201654116, 42.99960201654116, 42.99960201654116]
iterations 58
[42.99960201654116, 42.99960201654116, 42.99960201654116, 42.99960201654116, 42.99960201654116, 42.99960201654116, 42.99960201654116, 42.99960201654116, 42.99960201654116, 42.99960201654116, 42.99960201654116, 42.99960201654116, 42.99960201654116, 42.999619204623315, 42.99960201654116, 42.998775434825305, 42.99960201654116, 42.99960201654116, 42.99960201654116, 42.99960201654116, 42.99960201654116, 42.99960201654116, 42.99960201654116, 42.99960201654116, 42.99960201654116, 42.99960201654116, 42.99960201654116, 42.99960201654116, 42.99960201654116, 42.99960201654116]
iterations 59
[42.99960201654116, 42.99960201654116, 42.99960201654116, 42.99960201654116, 42.99960201654116, 42.99960201654116, 42.99960201654116, 42.99960201654116, 42.99960201654116, 42.99960201654116, 42.99960201654116, 42.99960201654116, 42.99960201654116, 42.999619204623315, 42.99960201654116, 42.99960201654116, 42.999619204623315, 42.99960201654116, 42.99960201654116, 42.99960201654116, 42.99960201654116, 42.99960201654116, 42.99960201654116, 42.99960201654116, 42.99960201654116, 42.99960201654116, 42.99960201654116, 42.99960201654116, 42.99960201654116, 42.99960201654116]
iterations 60
[42.99960201654116, 42.99960201654116, 42.99960201654116, 42.99960201654116, 42.99960201654116, 42.99960201654116, 42.99960201654116, 42.99960201654116, 42.99960201654116, 42.99960201654116, 42.99960201654116, 42.99960201654116, 42.99960201654116, 42.999619204623315, 42.99960201654116, 42.99960201654116, 42.999619204623315, 42.99960201654116, 42.99960201654116, 42.99960201654116, 42.99960201654116, 42.99960201654116, 42.99960201654116, 42.99960201654116, 42.99960201654116, 42.99960201654116, 42.99960201654116, 42.99960201654116, 42.99960201654116, 42.99960201654116]
iterations 61
[42.99960201654116, 42.99960201654116, 42.99960201654116, 42.99960201654116, 42.99960201654116, 42.99960201654116, 42.99960201654116, 42.99960201654116, 42.99960201654116, 42.99960201654116, 42.99960201654116, 42.99960201654116, 42.99960201654116, 42.999619204623315, 42.99960201654116, 42.99960201654116, 42.999619204623315, 42.99960201654116, 42.99960201654116, 42.99960201654116, 42.99960201654116, 42.99960201654116, 42.99960201654116, 42.99960201654116, 42.99960201654116, 42.99960201654116, 42.99960201654116, 42.999619204623315, 42.99960201654116, 42.99960201654116]
iterations 62
[42.999619204623315, 42.99960201654116, 42.99960201654116, 42.999619204623315, 42.99960201654116, 42.99960201654116, 42.99960201654116, 42.99960201654116, 42.99960201654116, 42.99960201654116, 42.99960201654116, 42.99960201654116, 42.99960201654116, 42.999619204623315, 42.999619204623315, 42.99960201654116, 42.999619204623315, 42.99960201654116, 42.99960201654116, 42.99960201654116, 42.99960201654116, 42.999619204623315, 42.99960201654116, 42.99960201654116, 42.99960201654116, 42.99960201654116, 42.99960201654116, 42.999619204623315, 42.99960201654116, 42.99960201654116]
iterations 63
[42.999619204623315, 42.999619204623315, 42.99960201654116, 42.999619204623315, 42.999619204623315, 42.99960201654116, 42.99960201654116, 42.99960201654116, 42.99960201654116, 42.99960201654116, 42.999619204623315, 42.99960201654116, 42.99960201654116, 42.999619204623315, 42.999619204623315, 42.99960201654116, 42.999619204623315, 42.99960201654116, 42.99960201654116, 42.999619204623315, 42.99960201654116, 42.999619204623315, 42.99960201654116, 42.99960201654116, 42.99960201654116, 42.99960201654116, 42.99960201654116, 42.999619204623315, 42.99960201654116, 42.99960201654116]
iterations 64
[42.999619204623315, 42.999619204623315, 42.99960201654116, 42.999619204623315, 42.999619204623315, 42.999619204623315, 42.999619204623315, 42.99960201654116, 42.999619204623315, 42.99960201654116, 42.999619204623315, 42.999619204623315, 42.999619204623315, 42.999619204623315, 42.999619204623315, 42.99960201654116, 42.999619204623315, 42.99960201654116, 42.999619204623315, 42.999619204623315, 42.99960201654116, 42.999619204623315, 42.99960201654116, 42.999619204623315, 42.99960201654116, 42.99960201654116, 42.99960201654116, 42.999619204623315, 42.99960201654116, 42.99960201654116]
iterations 65
[42.999619204623315, 42.999619204623315, 42.999619204623315, 42.999619204623315, 42.999619204623315, 42.999619204623315, 42.999619204623315, 42.999619204623315, 42.999619204623315, 42.999619204623315, 42.999619204623315, 42.999619204623315, 42.999619204623315, 42.999619204623315, 42.999619204623315, 42.99960201654116, 42.999619204623315, 42.999619204623315, 42.999619204623315, 42.999619204623315, 42.999619204623315, 42.999619204623315, 42.99960201654116, 42.999619204623315, 42.999619204623315, 42.999619204623315, 42.99960201654116, 42.999619204623315, 42.99960201654116, 42.99960201654116]
iterations 66
[42.999619204623315, 42.999619204623315, 42.999619204623315, 42.999619204623315, 42.999619204623315, 42.999619204623315, 42.999619204623315, 42.999619204623315, 42.999619204623315, 42.999619204623315, 42.999619204623315, 42.9997182368124, 42.999619204623315, 42.999619204623315, 42.999619204623315, 42.999619204623315, 42.999619204623315, 42.999619204623315, 42.999619204623315, 42.999619204623315, 42.999619204623315, 42.999619204623315, 42.99960201654116, 42.999619204623315, 42.999619204623315, 42.999619204623315, 42.999619204623315, 42.999619204623315, 42.99960201654116, 42.999619204623315]
iterations 67
[42.999619204623315, 42.999619204623315, 42.999619204623315, 42.999619204623315, 42.999619204623315, 42.999619204623315, 42.999619204623315, 42.999619204623315, 42.999619204623315, 42.999619204623315, 42.999619204623315, 42.9997182368124, 42.999619204623315, 42.999619204623315, 42.999619204623315, 42.999619204623315, 42.999619204623315, 42.999619204623315, 42.999619204623315, 42.999619204623315, 42.999619204623315, 42.999619204623315, 42.999619204623315, 42.999619204623315, 42.999619204623315, 42.999619204623315, 42.999619204623315, 42.999619204623315, 42.99960201654116, 42.999619204623315]
iterations 68
[42.999619204623315, 42.999619204623315, 42.999619204623315, 42.999619204623315, 42.999619204623315, 42.999619204623315, 42.999619204623315, 42.999619204623315, 42.999619204623315, 42.999619204623315, 42.999619204623315, 42.9997182368124, 42.999619204623315, 42.999619204623315, 42.999619204623315, 42.999619204623315, 42.999619204623315, 42.999619204623315, 42.999619204623315, 42.999619204623315, 42.999619204623315, 42.999619204623315, 42.999619204623315, 42.999619204623315, 42.999619204623315, 42.999619204623315, 42.999619204623315, 42.999619204623315, 42.999619204623315, 42.999619204623315]
iterations 69
[42.999619204623315, 42.999619204623315, 42.999619204623315, 42.999619204623315, 42.999619204623315, 42.999619204623315, 42.999619204623315, 42.999619204623315, 42.999619204623315, 42.999619204623315, 42.999619204623315, 42.9997182368124, 42.999619204623315, 42.999619204623315, 42.999619204623315, 42.999619204623315, 42.999619204623315, 42.999619204623315, 42.999619204623315, 42.999619204623315, 42.999619204623315, 42.999619204623315, 42.999619204623315, 42.999619204623315, 42.9997182368124, 42.999619204623315, 42.999619204623315, 42.999619204623315, 42.999619204623315, 42.999619204623315]
iterations 70
[42.9997182368124, 42.999619204623315, 42.999619204623315, 42.999619204623315, 42.999619204623315, 42.9997182368124, 42.999619204623315, 42.999619204623315, 42.999619204623315, 42.999619204623315, 42.999619204623315, 42.9997182368124, 42.999619204623315, 42.999619204623315, 42.999619204623315, 42.999619204623315, 42.999619204623315, 42.999619204623315, 42.999619204623315, 42.999619204623315, 42.999619204623315, 42.999619204623315, 42.999619204623315, 42.999619204623315, 42.9997182368124, 42.999619204623315, 42.999619204623315, 42.999619204623315, 42.999619204623315, 42.999619204623315]
