./data/populationFitness/20190924-1-VQD1.txt
iterations 1
[28.999667928540422, 36.99988191244467, 36.99689100696057, 26.999827722623028, 28.999616169825693, 34.99902985562404, 31.997968886550353, 29.99984945286917, 29.99977801196816, 27.999267580184217, 26.999835331508294, 32.9997246725246, 33.99943607393178, 25.999942279724262, 28.999900408536423, 35.99981163775815, 30.99980601646749, 30.998307176390753, 33.99984591807641, 32.99991833045567, 36.99873899340948, 32.999413235672115, 26.999912589042978, 35.99957471156395, 31.999721275066296, 34.99938130965333, 22.99981467335479, 33.99972834019566, 33.99963930983906, 35.98434735843616, 31.999635446722372, 27.999927382239402, 30.999421416397293, 28.999918502971664, 33.999457468938175, 29.99968823198734, 29.999495800930614, 27.999447126952084, 31.999734976545323, 34.999889671155444, 21.99972781244643, 34.99957908253096, 30.999768341564327, 32.9993671752673, 35.999591583473624, 27.99928844401063, 28.999358952125938, 30.999710656349215, 33.99965070522891, 33.9997429425937]
iterations 2
[31.998170427502448, 36.99988191244467, 36.99689100696057, 35.999490492305284, 28.999616169825693, 34.99902985562404, 33.99943618390308, 33.99967660427475, 35.999230827639025, 35.99959897585949, 31.99974382128907, 32.9997246725246, 36.999262578331646, 30.9999133587522, 34.9995058962776, 38.98427933730607, 34.999652900693874, 31.999030255126197, 35.9990131664451, 35.99957471147739, 36.99873899340948, 32.999413235672115, 35.99955257311594, 35.99957471156395, 35.99955238178833, 34.99938130965333, 31.999737897873732, 35.99961366387567, 33.999813115892564, 35.98434735843616, 33.998810527530566, 30.998882240886704, 33.98436974169628, 35.99959047232592, 36.9988739350117, 31.999889956920303, 36.99877023413041, 36.99835545365474, 31.999734976545323, 34.999889671155444, 33.99943607394118, 36.99988191244467, 32.999865524121006, 32.9993671752673, 35.999591583473624, 34.999884808968886, 36.99979407776899, 33.999436073952744, 34.99956216241998, 36.999862573812635]
iterations 3
[36.99988191244467, 36.99988191244467, 36.99977631399989, 35.999490492305284, 36.99982408008332, 37.9995626075518, 35.99950702837049, 33.99967660427475, 35.999230827639025, 36.99871580496972, 35.99957471156054, 33.9994360739602, 36.999262578331646, 30.9999133587522, 38.99871568341667, 38.999545287598515, 34.99988881580191, 35.9995915834737, 37.9994856311175, 35.99957471147739, 36.99873899340948, 35.998784798394986, 36.998838760341016, 36.9992625783391, 37.99951857427254, 35.99962340790122, 31.999737897873732, 36.99979407730903, 36.99882977852389, 36.999262578361886, 35.999590472332066, 36.9989697401955, 36.99979407729214, 35.99959047232592, 36.9988739350117, 33.999700748051275, 37.99891073804342, 36.99835545365474, 34.99938167510357, 36.99974765460862, 33.99943607394118, 36.99988191244467, 32.999865524121006, 37.99955902997136, 35.999591583473624, 36.99986366399286, 36.99979407776899, 33.99968050513293, 34.999869901257235, 36.999862573812635]
iterations 4
[40.99920671328166, 36.99988191244467, 36.99977631399989, 35.999490492305284, 36.99982408008332, 37.9995626075518, 37.9995626075518, 35.99962340790122, 36.99986366399286, 36.999862573812635, 37.99948563110726, 36.998838235798935, 37.99891073813874, 38.99958112014135, 38.99871568341667, 38.999545287598515, 38.999545287598515, 37.9994856311175, 37.9994856311175, 35.9995915834737, 37.99957532768173, 35.9988050451955, 36.998838760341016, 38.99957591330723, 37.99951857427254, 36.99834080437051, 37.999127557936355, 36.99979407730903, 36.99988191244467, 36.99977631399989, 35.999590472332066, 36.9989697401955, 36.99979407729214, 36.99782611856747, 36.9988739350117, 36.998739054240396, 37.99891073804342, 36.99835545365474, 36.99979579877135, 36.99974765460862, 36.999841422021966, 36.99988191244467, 33.99902969050867, 37.99955902997136, 36.999906277066906, 36.99986366399286, 36.99979407776899, 34.99981451081494, 34.999869901257235, 36.999862573812635]
iterations 5
[40.99920671328166, 38.99955096294969, 37.998786905115, 38.999563007347206, 38.999545287598515, 37.99957532768173, 37.9995626075518, 35.99962340790122, 40.99920671328166, 38.99958112014135, 37.99948563110726, 38.99957591330723, 37.9995626075518, 38.99958112014135, 38.99871568341667, 38.999545287598515, 38.999545287598515, 37.9997078221292, 40.99954232522968, 35.99977800011935, 37.99957532768173, 35.9988050451955, 37.99954416743994, 38.99957591330723, 37.99951857427254, 38.999535580280494, 37.999127557936355, 36.99979407730903, 36.99988191244467, 36.99988191244467, 37.99957532768173, 38.999545287598515, 36.99979407729214, 36.99893488246919, 37.99948563106849, 36.998739054240396, 37.99891073804342, 38.999545664131425, 36.99979579877135, 37.9995173332501, 36.99986963171903, 36.99988191244467, 36.99894132769931, 37.99955902997136, 37.9996454584542, 37.99942576410151, 38.99950359087726, 36.99989893690025, 37.998705711860005, 36.999862573812635]
iterations 6
[40.99920671328166, 38.99955096294969, 38.999545287598515, 38.99974225115883, 38.999545287598515, 38.999545664131425, 38.99955096294969, 38.99958112014135, 40.99920671328166, 38.99958112014135, 40.99920671328166, 38.99957591330723, 37.9995626075518, 38.99958112014135, 38.99871568341667, 38.999601243362044, 40.999371411796595, 37.9997078221292, 40.99954232522968, 37.9996454584542, 37.99957532768173, 40.99920671328166, 37.99954416743994, 40.99956172797402, 37.99960756115345, 38.99964137831068, 37.99986033341372, 36.99979407730903, 38.999535580280494, 38.99955096294969, 38.99940441318386, 38.999545287598515, 37.9996454584542, 38.999545287598515, 38.999563007347206, 38.99950359087726, 38.99958112014135, 40.99920671328166, 38.999545287598515, 38.999545664131425, 40.999206739432225, 38.99871580447798, 37.999544377476, 37.99955902997136, 37.9996454584542, 40.999206548441286, 38.99957591328799, 40.999245914966956, 38.99955096294969, 38.99958112014135]
iterations 7
[40.99920671328166, 38.99958112014135, 38.999545287598515, 38.99974225115883, 40.99920671328166, 38.999545664131425, 40.99941061348189, 38.99958112014135, 40.999206739432225, 40.999206548441286, 40.99920671328166, 38.99958112014135, 40.999494650813936, 40.99954232522968, 38.999545287598515, 38.999601243362044, 40.999371411796595, 38.99950359087726, 40.99954232522968, 40.999242545824494, 37.99957532768173, 40.99920671328166, 37.99954416743994, 40.99956172797402, 38.99955096294969, 40.998764916844834, 40.99920671328166, 38.999545664131425, 38.999568799946736, 40.99951881288146, 38.99956469034387, 40.99954232522968, 40.999245914966956, 38.99955096294969, 40.999206548441286, 38.99974225115883, 38.99958112014135, 40.99920671328166, 40.99920671328166, 40.999206739432225, 40.999206739432225, 38.99901793632357, 38.999694949470324, 37.99955902997136, 38.99955096294969, 40.999245914966956, 38.99958112014135, 40.999245914966956, 38.99955096294969, 40.99920671328166]
iterations 8
[40.99920671328166, 40.999245914966956, 40.999206548441286, 40.999206548441286, 40.99941061348189, 40.999371411796595, 40.99941061348189, 38.99958112014135, 40.99954232522968, 40.99920671328166, 40.99920671328166, 38.999601243362044, 40.999494650813936, 40.99954232522968, 40.99920671328166, 38.999601243362044, 40.999371411796595, 40.99920671328166, 40.99954232522968, 40.999242545824494, 38.999568799946736, 40.99941061348189, 40.999245914966956, 40.99956172797402, 40.99920671328166, 40.999206739432225, 40.99956172797402, 38.999601243362044, 40.99954232522968, 40.99951881288146, 38.99956469034387, 40.99954232522968, 40.999245914966956, 38.99958112014135, 40.999206548441286, 40.999206739432225, 38.99974225115883, 40.99951881288146, 40.99920671328166, 40.999245914966956, 40.999206739432225, 40.99920671328166, 40.99941061348189, 40.99920671328166, 40.99920671328166, 40.999245914966956, 40.999245914966956, 40.99954232522968, 40.99920671328166, 40.99920671328166]
iterations 9
[40.99920671328166, 40.999245914966956, 40.99954232522968, 40.99956172797402, 40.99956172797402, 40.999371411796595, 40.99941061348189, 40.99920671328166, 40.99954232522968, 40.99920671328166, 40.999245914966956, 40.999371411796595, 40.99954232522968, 40.99954232522968, 40.99954232522968, 40.999206739432225, 40.99941061348189, 40.999206739432225, 40.99954232522968, 40.999242545824494, 40.99920671328166, 40.99956172797402, 40.99951881288146, 40.99956172797402, 40.99920671328166, 40.99941061348189, 40.99956172797402, 40.999206739432225, 40.99954232522968, 40.99951881288146, 40.99954232522968, 40.99954232522968, 40.999245914966956, 38.99958112014135, 40.99920671328166, 40.999206739432225, 40.99920671328166, 40.99951881288146, 40.99920671328166, 40.999245914966956, 40.99958152691498, 40.99920671328166, 40.99941061348189, 40.99950649268685, 40.99920671328166, 40.999245914966956, 40.999265317711284, 40.99954232522968, 40.99954232522968, 40.99941061348189]
iterations 10
[40.99954232522968, 40.99956172797402, 40.99954232522968, 40.99958152691498, 40.99956172797402, 40.999371411796595, 40.99954232522968, 40.99956172797402, 40.99954232522968, 40.99954232522968, 40.999245914966956, 40.999371411796595, 40.99954232522968, 40.99954232522968, 40.9995546454243, 40.99925299751667, 40.99941061348189, 40.99951881288146, 40.99954232522968, 40.99954232522968, 40.99954232522968, 40.99956172797402, 40.99951881288146, 40.99956172797402, 40.99920671328166, 40.99954232522968, 40.99956172797402, 40.999371411796595, 40.99954232522968, 40.99954232522968, 40.99956172797402, 40.99956172797402, 40.99954232522968, 40.99954232522968, 40.99950649268685, 40.99951881288146, 40.99920671328166, 40.99951881288146, 40.99954232522968, 40.99954232522968, 40.99958152691498, 40.99941061348189, 40.99954232522968, 40.99954454741272, 40.99956172797402, 40.99954232522968, 40.999265317711284, 40.99956172797402, 40.99954232522968, 40.99954232522968]
iterations 11
[40.99956172797402, 40.99956172797402, 40.99954232522968, 40.99958152691498, 40.99956172797402, 40.99956172797402, 40.99954232522968, 40.99956172797402, 40.99956172797402, 40.99954232522968, 40.99956172797402, 40.99956172797402, 40.99956172797402, 40.99956172797402, 40.9995546454243, 40.99954232522968, 40.99956172797402, 40.99958152691498, 40.99954232522968, 40.99954232522968, 40.99954232522968, 40.99958152691498, 40.99954232522968, 40.99956172797402, 40.99954232522968, 40.99956172797402, 40.99956172797402, 40.99957447665502, 40.99956172797402, 40.99954232522968, 40.99958152691498, 40.99956172797402, 40.99956172797402, 40.99954232522968, 40.99954232522968, 40.99954232522968, 40.99954232522968, 40.99951881288146, 40.99954232522968, 40.99956172797402, 40.99958152691498, 40.99941061348189, 40.99958152691498, 40.99956172797402, 40.99956172797402, 40.99956172797402, 40.999265317711284, 40.99956172797402, 40.99956172797402, 40.99954232522968]
iterations 12
[40.99956172797402, 40.99956172797402, 40.99956172797402, 40.99958152691498, 40.99958152691498, 40.99956172797402, 40.99958152691498, 40.99956172797402, 40.99956172797402, 40.99956172797402, 40.99958152691498, 40.99956172797402, 40.99956172797402, 40.99956172797402, 40.9995546454243, 40.99956172797402, 40.99958152691498, 40.99958152691498, 40.999555333893824, 40.99956172797402, 40.99954232522968, 40.99958152691498, 40.99958152691498, 40.99956172797402, 40.99956172797402, 40.99956172797402, 40.99958152691498, 40.99957447665502, 40.99956172797402, 40.99956172797402, 40.99958152691498, 40.99956172797402, 40.99956172797402, 40.99956172797402, 40.99956172797402, 40.99956172797402, 40.99954232522968, 40.99956172797402, 40.99958152691498, 40.99956172797402, 40.99958152691498, 40.99958152691498, 40.99958152691498, 40.99956172797402, 40.99956172797402, 40.99956172797402, 40.99954232522968, 40.99956172797402, 40.99958152691498, 40.99956172797402]
iterations 13
[40.99958152691498, 40.99956172797402, 40.99958152691498, 40.99958152691498, 40.99958152691498, 40.99956172797402, 40.99958152691498, 40.99956172797402, 40.99956172797402, 40.99958152691498, 40.99958152691498, 40.99958152691498, 40.99958152691498, 40.99958152691498, 40.99958152691498, 40.99956172797402, 40.99958152691498, 40.99958152691498, 40.99956172797402, 40.99958152691498, 40.99956172797402, 40.99958152691498, 40.99958152691498, 40.99958152691498, 40.99958152691498, 40.99956172797402, 40.99958152691498, 40.99958152691498, 40.99958152691498, 40.99958152691498, 40.99958152691498, 40.99958152691498, 40.99956172797402, 40.99956172797402, 40.99960093051519, 40.99958152691498, 40.99956172797402, 40.99958152691498, 40.99958152691498, 40.99956172797402, 40.99958152691498, 40.99958152691498, 40.999600929659316, 40.99956172797402, 40.99958152691498, 40.99958152691498, 40.99958152691498, 40.99958152691498, 40.99958152691498, 40.99956172797402]
iterations 14
[40.99958152691498, 40.99958152691498, 40.99958152691498, 40.99960093051519, 40.99958152691498, 40.99958152727133, 40.99958152691498, 40.99958152691498, 40.99958152691498, 40.99958152691498, 40.99959973274988, 40.99960093051519, 40.99958152691498, 40.99958152691498, 40.99958152691498, 40.99956172797402, 40.99960093051519, 40.99958152691498, 40.99958152691498, 40.99958152691498, 40.99958152691498, 40.99958152691498, 40.99958152691498, 40.99958152691498, 40.99958152691498, 40.99956172797402, 40.99960093059254, 40.99958152691498, 40.99958152691498, 40.99958152691498, 40.99958152691498, 40.999600929659316, 40.99958152691498, 40.999606888209016, 40.99960093051519, 40.99958152691498, 40.99958152691498, 40.99958152691498, 40.99958152691498, 40.99956172797402, 40.99958152691498, 40.99958152691498, 40.999600929659316, 40.99958152691498, 40.99958152691498, 40.999600929659316, 40.99958152691498, 40.99958152691498, 40.99958152691498, 40.99958152691498]
iterations 15
[40.99958152691498, 40.99958152691498, 40.99960093051519, 40.99960093051519, 40.99958152691498, 40.99958152727133, 40.999600929659316, 40.99960093051519, 40.99958152691498, 40.99958152691498, 40.999600929659316, 40.99960093051519, 40.99958152691498, 40.99958152691498, 40.99960093051519, 40.99958152691498, 40.99960093051519, 40.99958152691498, 40.99958152691498, 40.99958152691498, 40.99958152691498, 40.999600929659316, 40.99960093051519, 40.99958152691498, 40.99958152727133, 40.99959973274988, 40.99960093059254, 40.999600929659316, 40.99960093051519, 40.99960093051519, 40.99960093051519, 40.999600929659316, 40.99958152691498, 40.999606888209016, 40.99960093051519, 40.99958152691498, 40.99958152691498, 40.99958152691498, 40.999600929659316, 40.99958152691498, 40.99958152691498, 40.99958152691498, 40.999600929659316, 40.99958152691498, 40.99958152691498, 40.999600929659316, 40.99959973274988, 40.99959973274988, 40.99958152691498, 40.99958152727133]
iterations 16
[40.99960093051519, 40.99960093059254, 40.99960093051519, 40.99960093051519, 40.999600929659316, 40.99960093051519, 40.999600929659316, 40.99960093059254, 40.99960093051519, 40.99960093059254, 40.999600929659316, 40.99960093059254, 40.99958152691498, 40.99960093051519, 40.99960093051519, 40.99958152727133, 40.99960093051519, 40.99958152691498, 40.99960093051519, 40.999600929659316, 40.99958152727133, 40.999606888209016, 40.99960093051519, 40.99958152691498, 40.99960093059254, 40.99959973274988, 40.999606888209016, 40.999600929659316, 40.99960093051519, 40.99960093051519, 40.99960093051519, 40.999600929659316, 40.99958152691498, 40.999606888209016, 40.99960093051519, 40.99959973274988, 40.99958152727133, 40.999600929659316, 40.999600929659316, 40.99960093051519, 40.999606888209016, 40.99960093051519, 40.99962629095335, 40.99958152777086, 40.99958152691498, 40.999600929659316, 40.99960093051519, 40.99960093051519, 40.999600929659316, 40.99960093051519]
iterations 17
[40.99960093051519, 40.99960093059254, 40.99960093051519, 40.99960093051519, 40.99960093051519, 40.99960093059254, 40.999600929659316, 40.99960093059254, 40.99960093051519, 40.99960093059254, 40.999600929659316, 40.99960093059254, 40.999599733605756, 40.99960093051519, 40.99960093051519, 40.99960093051519, 40.99960093051519, 40.99960093051519, 40.999606888209016, 40.99960093059254, 40.99960093051519, 40.999606888209016, 40.99960093051519, 40.99960093059254, 40.99960093059254, 40.999600929659316, 40.999606888209016, 40.99960093051519, 40.99960093051519, 40.99960093051519, 40.99960093051519, 40.99960093051519, 40.99960093051519, 40.999606888209016, 40.99960093059254, 40.99960093051519, 40.99958152727133, 40.999606888209016, 40.99960093051519, 40.99960093051519, 40.999606888209016, 40.99960093051519, 40.99962629095335, 40.99960093051519, 40.99960093059254, 40.99960093051519, 40.99960093051519, 40.99960093051519, 40.999600929659316, 40.99960093051519]
iterations 18
[40.99960093059254, 40.99960093059254, 40.99960093051519, 40.99960093059254, 40.99960093051519, 40.99960093059254, 40.99960093059254, 40.99960093059254, 40.999606888209016, 40.99960093059254, 40.999600929659316, 40.999606888209016, 40.99960093059254, 40.999606888209016, 40.99960093059254, 40.99960093051519, 40.999606888209016, 40.99960093059254, 40.999606888209016, 40.99960093059254, 40.99960093059254, 40.99962629095335, 40.99960093051519, 40.999606888209016, 40.999606888209016, 40.999600929659316, 40.999606888209016, 40.99960093059254, 40.99960093051519, 40.99960093059254, 40.999606888209016, 40.99960093059254, 40.999606888209016, 40.999606888209016, 40.99960093059254, 40.99960093051519, 40.99958152727133, 40.999606888209016, 40.999606888209016, 40.99960093051519, 40.999606888209016, 40.99960093085189, 40.99962629095335, 40.99962629095335, 40.99960093059254, 40.99960093051519, 40.999606888209016, 40.99960093051519, 40.99960093059254, 40.99960093051519]
iterations 19
[40.999606888209016, 40.99960093059254, 40.99960093059254, 40.999606888209016, 40.99960093059254, 40.999606888209016, 40.99960093059254, 40.99960093059254, 40.999606888209016, 40.99960093059254, 40.999606888209016, 40.999606888209016, 40.99962629095335, 40.999606888209016, 40.99960093059254, 40.999606888209016, 40.999606888209016, 40.99960093059254, 40.99962629095335, 40.99960093059254, 40.99960093085189, 40.99962629095335, 40.999606888209016, 40.999606888209016, 40.999606888209016, 40.999606888209016, 40.999606888209016, 40.999606888209016, 40.99962629095335, 40.99960093059254, 40.999606888209016, 40.99960093059254, 40.999606888209016, 40.999606888209016, 40.999606888209016, 40.99960093059254, 40.999606888209016, 40.999606888209016, 40.999606888209016, 40.99960093059254, 40.999606888209016, 40.99960093085189, 40.99962629095335, 40.99962629095335, 40.99960093059254, 40.99962629095335, 40.999606888209016, 40.999606888209016, 40.99960093085189, 40.999606888209016]
iterations 20
[40.999606888209016, 40.999606888209016, 40.99962629095335, 40.999606888209016, 40.999606888209016, 40.999606888209016, 40.99962629095335, 40.99960093059254, 40.999606888209016, 40.999606888209016, 40.999606888209016, 40.999606888209016, 40.99962629095335, 40.999606888209016, 40.999606888209016, 40.999606888209016, 40.99962629095335, 40.99962629095335, 40.99962629095335, 40.99962629095335, 40.999606888209016, 40.99962629095335, 40.999606888209016, 40.999606888209016, 40.999606888209016, 40.999606888209016, 40.99962629095335, 40.999606888209016, 40.99962629095335, 40.999606888209016, 40.999606888209016, 40.999606888209016, 40.999606888209016, 40.999606888209016, 40.999606888209016, 40.99960093059254, 40.999606888209016, 40.99961923982312, 40.999606888209016, 40.999606888209016, 40.999606888209016, 40.99962629095335, 40.99962629095335, 40.99962629095335, 40.999606888209016, 40.99962629095335, 40.999606888209016, 40.99962629095335, 40.999606888209016, 40.999606888209016]
iterations 21
[40.99962629095335, 40.999606888209016, 40.99962629095335, 40.999606888209016, 40.999606888209016, 40.99962629095335, 40.99962629095335, 40.999618894462614, 40.999606888209016, 40.999606888209016, 40.99962629095335, 40.99962629095335, 40.99962629095335, 40.99962629095335, 40.999606888209016, 40.999606888209016, 40.99962629095335, 40.99962629095335, 40.99962629095335, 40.99962629095335, 40.999755270899406, 40.99962629095335, 40.99962629095335, 40.999606888209016, 40.99962629095335, 40.99962629095335, 40.99962629095335, 40.999606888209016, 40.99962629095335, 40.999733373520215, 40.999606888209016, 40.999606888209016, 40.99961923982312, 40.999606888209016, 40.99962629095335, 40.999606888209016, 40.99962629095335, 40.99962629095335, 40.99962629095335, 40.99962629095335, 40.999606888209016, 40.99962629095335, 40.99962629095335, 40.99962629095335, 40.99962629095335, 40.99962629095335, 40.999606888209016, 40.99962629095335, 40.99962629095335, 40.99962629095335]
iterations 22
[40.99962629095335, 40.99962629095335, 40.99962629095335, 40.99962629095335, 40.999606888209016, 40.99962629095335, 40.99962629095335, 40.999618894462614, 40.99962629095335, 40.99962629095335, 40.99962629095335, 40.99962629095335, 40.99962629095335, 40.99962629095335, 40.99962629095335, 40.99962629095335, 40.99962629095335, 40.99962629095335, 40.999755270899406, 40.99962629095335, 40.999755270899406, 40.99962629095335, 40.99962629095335, 40.99962629095335, 40.99962629095335, 40.99962629095335, 40.99962629095335, 40.99962629095335, 40.99962629095335, 40.999733373520215, 40.99962629095335, 40.99962629095335, 40.99962629095335, 40.99962629095335, 40.99962629095335, 40.99962629095335, 40.99962629095335, 40.99962629095335, 40.99962629095335, 40.99962629095335, 40.999606888209016, 40.99962629095335, 40.99962629095335, 40.99962629095335, 40.99962629095335, 40.99962629095335, 40.99962629095335, 40.99962629095335, 40.99962629095335, 40.99962629095335]
iterations 23
[40.99962629095335, 40.99962629095335, 40.99962629095335, 40.99962629095335, 40.99962629095335, 40.99962629095335, 40.99962629095335, 40.99962629095335, 40.99962629095335, 40.99962629095335, 40.99962629095335, 40.99962629095335, 40.999755270899406, 40.99962629095335, 40.99962629095335, 40.99962629095335, 40.999755270899406, 40.999755270899406, 40.999755270899406, 40.99962629095335, 40.999755270899406, 40.99962629095335, 40.99962629095335, 40.99962629095335, 40.99962629095335, 40.99962629095335, 40.99962629095335, 40.99962629095335, 40.99962629095335, 40.99975277611184, 40.99962629095335, 40.99962629095335, 40.99962629095335, 40.99962629095335, 40.99962629095335, 40.999755270899406, 40.99962629095335, 40.99962629095335, 40.99962629095335, 40.99962629095335, 40.99962629095335, 40.99962629095335, 40.99962629095335, 40.99962629095335, 40.999755270899406, 40.99962629095335, 40.999733373520215, 40.999733373520215, 40.99962629095335, 40.99962629095335]
iterations 24
[40.99962629095335, 40.99962629095335, 40.999755270899406, 40.99975277611184, 40.999755270899406, 42.9984945148478, 40.99962629095335, 40.999755270899406, 40.99962629095335, 40.99962629095335, 40.99962629095335, 40.99962629095335, 40.999755270899406, 40.99962629095335, 40.999733373520215, 40.99962629095335, 40.999755270899406, 40.999755270899406, 40.999755270899406, 40.99962629095335, 40.999755270899406, 40.99962629095335, 40.999755270899406, 40.99962629095335, 40.999755270899406, 40.99962629095335, 40.99962629095335, 40.99962629095335, 40.99962629095335, 40.99975277611184, 40.99962629095335, 40.999755270899406, 40.99962629095335, 40.99962629095335, 40.99962629095335, 40.999755270899406, 40.999755270899406, 40.99962629095335, 40.99962629095335, 40.99962629095335, 40.99962629095335, 40.999755270899406, 40.99962629095335, 40.99962629095335, 40.999755270899406, 40.99962629095335, 40.999755270899406, 40.999733373520215, 40.99962629095335, 40.99962629095335]
iterations 25
[40.999755270899406, 40.999755270899406, 40.999755270899406, 40.999755270903115, 40.999755270899406, 42.9984945148478, 40.999755270899406, 40.999755270899406, 40.99962629095335, 40.999755270899406, 40.999755270899406, 40.999755270899406, 40.999755270899406, 40.99962629095335, 40.999733373520215, 40.999755270899406, 40.999755270899406, 40.999755270899406, 40.999755270899406, 40.999755270899406, 40.999755270899406, 40.99962629095335, 40.999755270899406, 40.999755270899406, 40.999755270899406, 40.999755270899406, 40.999755270899406, 40.999714937865974, 40.99962629095335, 40.99975277611184, 40.999755270899406, 40.999755270899406, 40.99962629095335, 40.999733373520215, 40.999755270899406, 40.999755270899406, 40.999755270899406, 40.99962629095335, 40.999755270899406, 40.999755270899406, 40.999755270899406, 40.999755270899406, 40.999755270899406, 40.99962629095335, 40.999755270899406, 40.99962629095335, 40.999755270899406, 40.999755270899406, 40.999755270899406, 40.999755270899406]
iterations 26
[40.999755270899406, 40.999755270899406, 40.999755270899406, 40.999755270903115, 40.999755270899406, 42.9984945148478, 40.999755270899406, 40.999755270899406, 40.999755270903115, 40.999755270899406, 40.999755270899406, 40.999755270899406, 40.999755270899406, 40.999755270899406, 40.999755270903115, 40.999755270899406, 40.999755270899406, 40.999755270899406, 40.999755270899406, 40.999755270899406, 40.999755270899406, 40.999755270899406, 40.999755270899406, 40.999755270899406, 40.999755270899406, 40.999755270899406, 40.999755270899406, 40.999714937865974, 40.999755270899406, 40.999755270903115, 40.999755270899406, 40.999755270899406, 40.999755270899406, 40.999733373520215, 40.999755270899406, 40.999755270899406, 40.999755270899406, 42.9984945148478, 40.999755270899406, 40.999755270899406, 40.999755270899406, 40.999755270899406, 40.999755270899406, 40.999755270903115, 40.999755270899406, 40.999755270899406, 40.999755270899406, 40.999755270899406, 40.999755270903115, 40.999755270899406]
iterations 27
[40.999755270899406, 40.999755270903115, 40.999755270899406, 40.999755270903115, 40.999755270899406, 42.9984945148478, 40.999755270899406, 40.999755270903115, 40.999755270903115, 40.999755270899406, 40.999755270899406, 40.999755270903115, 40.999755270899406, 40.999755270903115, 40.999755270903115, 40.999755270899406, 40.999755270899406, 40.999755270899406, 40.999755270899406, 40.999755270899406, 40.999755270899406, 40.999755270899406, 40.999755270903115, 40.999755270899406, 40.999755270899406, 40.999755270899406, 40.999755270899406, 40.999755270903115, 40.999755270899406, 40.999755270903115, 42.9984945148478, 40.999755270899406, 40.999755270899406, 40.999755270899406, 40.999755270903115, 40.999755270899406, 40.999755270899406, 42.9984945148478, 40.999755270899406, 40.999755270899406, 40.999755270899406, 40.999755270903115, 40.999755270899406, 40.999755270903115, 40.999755270899406, 40.999755270899406, 40.999755270903115, 40.999755270899406, 40.999755270903115, 42.9984945148478]
iterations 28
[40.999755270899406, 42.9984945148478, 40.999755270903115, 40.999755270903115, 40.999755270899406, 42.9984945148478, 40.999755270899406, 40.999755270903115, 40.999755270903115, 40.999755270899406, 42.9984945148478, 40.999755270903115, 40.999755270899406, 42.99862349479385, 42.9984945148478, 42.9984945148478, 40.999755270903115, 40.999755270899406, 40.999755270899406, 42.9984945148478, 40.999755270899406, 42.9984945148478, 40.999755270903115, 40.999755270899406, 40.999755270899406, 40.999755270903115, 40.999755270899406, 40.999755270903115, 40.999755270903115, 40.999755270903115, 42.9984945148478, 42.9984945148478, 40.999755270903115, 40.999755270903115, 40.999755270903115, 40.999755270899406, 40.999755270903115, 42.9984945148478, 42.9984945148478, 40.999755270903115, 40.999755270903115, 40.999755270903115, 40.999755270899406, 40.999755270903115, 40.999755270903115, 40.999755270903115, 40.999755270903115, 40.999755270899406, 40.999755270903115, 42.9984945148478]
iterations 29
[40.999755270903115, 42.9984945148478, 40.999755270903115, 42.99862349479385, 42.99862349479385, 42.9984945148478, 42.9984945148478, 40.999755270903115, 40.999755270903115, 42.99862349479385, 42.9984945148478, 42.9984945148478, 40.999755270899406, 42.99862349479385, 42.9984945148478, 42.9984945148478, 40.999755270903115, 40.999755270903115, 42.9984945148478, 42.9984945148478, 40.999755270903115, 42.9984945148478, 40.999755270903115, 42.99862349479385, 40.999755270903115, 40.999755270903115, 40.999755270903115, 42.99862349479385, 42.9984945148478, 40.99975884305313, 42.9984945148478, 42.9984945148478, 40.999755270903115, 42.9984945148478, 40.999755270903115, 40.999755270903115, 40.999755270903115, 42.9984945148478, 42.9984945148478, 40.999755270903115, 40.999755270903115, 40.999755270903115, 42.99862349479385, 40.999755270903115, 40.999755270903115, 40.999755270903115, 40.999755270903115, 42.9984945148478, 40.999755270903115, 42.9984945148478]
iterations 30
[42.9984945148478, 42.9984945148478, 40.999755270903115, 42.99862349479385, 42.99862349479385, 42.9984945148478, 42.99862349479385, 42.99845642522384, 40.999755270903115, 42.99862349479385, 42.9984945148478, 42.9984945148478, 42.99862349479385, 42.99862349479385, 42.9984945148478, 42.9984945148478, 40.999755270903115, 42.9984945148478, 42.9984945148478, 42.9984945148478, 40.999755270903115, 42.9984945148478, 42.9984945148478, 42.99862349479385, 42.9984945148478, 42.99862349479385, 42.99862349479385, 42.99862349479385, 42.9984945148478, 42.9984945148478, 42.9984945148478, 42.9984945148478, 42.99862349479385, 42.9984945148478, 42.9984945148478, 42.9984945148478, 40.999755270903115, 42.9984945148478, 42.9984945148478, 42.9984945148478, 42.9984945148478, 42.99862349479385, 42.99862349479385, 40.99975884305313, 42.9984945148478, 42.99862349479385, 42.99862349479385, 42.9984945148478, 40.999755270903115, 42.99862349479385]
iterations 31
[42.9984945148478, 42.9984945148478, 42.9984945148478, 42.99862349479385, 42.99862349479385, 42.9984945148478, 42.99862349479385, 42.99862349479385, 42.99862349479385, 42.99862349479385, 42.9984945148478, 42.9984945148478, 42.99862349479385, 42.99862349479385, 42.9984945148478, 42.9984945148478, 42.9984945148478, 42.9984945148478, 42.99862349479385, 42.9984945148478, 42.99862349479385, 42.99862349479385, 42.9984945148478, 42.99862349479385, 42.9984945148478, 42.99862349479385, 42.99862349479385, 42.99862349479385, 42.99862349479385, 42.9984945148478, 42.9984945148478, 42.99862349479385, 42.99862349479385, 42.9984945148478, 42.99862349479385, 42.9984945148478, 42.9984945148478, 42.99862349479385, 42.99862349479385, 42.99862349479385, 42.9984945148478, 42.99862349479385, 42.99862349479385, 42.9984945148478, 42.99862349479385, 42.99862349479385, 42.99862349479385, 42.9984945148478, 42.99862349479385, 42.99862349479385]
iterations 32
[42.99862349479385, 42.99862349479385, 42.9984945148478, 42.99862349479385, 42.99862349479385, 42.99862349479385, 42.99862349479385, 42.99862349479385, 42.99862349479385, 42.99862349479385, 42.99862349479385, 42.99862349479385, 42.99862349479385, 42.99862349479385, 42.99862349479385, 42.99862349479385, 42.99862349479385, 42.99862349479385, 42.99862349479385, 42.99862349479385, 42.99862349479385, 42.99862349479385, 42.9984945148478, 42.99862349479385, 42.99862349479385, 42.99862349479385, 42.99862349479385, 42.99862349479385, 42.99862349479385, 42.9984945148478, 42.99862349479385, 42.99862349479385, 42.99862349479385, 42.99862349479385, 42.99862349479385, 42.99862349479385, 42.99862349479385, 42.99862349479385, 42.99862349479385, 42.99862349479385, 42.9984945148478, 42.99862349479385, 42.99862349479385, 42.99862349479385, 42.99862349479385, 42.99862349479385, 42.99862349479385, 42.99862349479385, 42.99862349479385, 42.99862349479385]
iterations 33
[42.99862349479385, 42.99862349479385, 42.99862349479385, 42.99862349479385, 42.99862349479385, 42.99862349479385, 42.99862349479385, 42.99862349479385, 42.99862349479385, 42.99862349479385, 42.99862349479385, 42.99862349479385, 42.99862349479385, 42.99862349479385, 42.99862349479385, 42.99862349479385, 42.99862349479385, 42.99862349479385, 42.99862349479385, 42.99862349479385, 42.99862349479385, 42.99862349479385, 42.99862349479385, 42.99862349479385, 42.99862349479385, 42.99862349479385, 42.99862349479385, 42.99862349479385, 42.99862349479385, 42.99862349479385, 42.99862349479385, 42.99862349479385, 42.99862349479385, 42.99862349479385, 42.99862349479385, 42.99862349479385, 42.99862349479385, 42.99862349479385, 42.99862349479385, 42.99862349479385, 42.99862349479385, 42.99862349479385, 42.99862349479385, 42.99862349479385, 42.99862349479385, 42.99862349479385, 42.99862349479385, 42.99862349479385, 42.99862349479385, 42.99862349479385]
iterations 34
[42.99862349479385, 42.99862349479385, 42.99862349479385, 42.99862349479385, 42.9986348146602, 42.99862349479385, 42.99862349479385, 42.99862349479385, 42.99862349479385, 42.99862349479385, 42.99862349479385, 42.99862349479385, 42.99862349479385, 42.99862349479385, 42.99862349479385, 42.99862349479385, 42.99862349479385, 42.99862349479385, 42.99862349479385, 42.99862349479385, 42.99862349479385, 42.99862349479385, 42.99862349479385, 42.99862349479385, 42.99862349479385, 42.99862349479385, 42.99862349479385, 42.99862349479385, 42.99862349479385, 42.99862349479385, 42.99862349479385, 42.99862349479385, 42.99862349479385, 42.99862349479385, 42.99862349479385, 42.99862349479385, 42.99862349479385, 42.99862349479385, 42.99862349479385, 42.99862349479385, 42.99862349479385, 42.99862349479385, 42.99862349479385, 42.99862349479385, 42.99862349479385, 42.99862349479385, 42.99862349479385, 42.99862349479385, 42.99862349479385, 42.99862349479385]
iterations 35
[42.99862349479385, 42.99862349479385, 42.99862349479385, 42.99862349479385, 42.9986348146602, 42.99862349479385, 42.99862349479385, 42.99862349479385, 42.99862349479385, 42.99862349479385, 42.99862349479385, 42.99862349479385, 42.99862349479385, 42.99862349479385, 42.99862349479385, 42.99862349479385, 42.99862349479385, 42.99862349479385, 42.99862349479385, 42.99862349479385, 42.99862349479385, 42.99862349479385, 42.99862349479385, 42.99862349479385, 42.99862349479385, 42.99862349479385, 42.99862349479385, 42.99862349479385, 42.99862349479385, 42.99862349479385, 42.99862349479385, 42.99862349479385, 42.99862349479385, 42.99862349479385, 42.99862349479385, 42.99862349479385, 42.9986348146602, 42.99862349479385, 42.99862349479385, 42.99862349479385, 42.99862349479385, 42.99862349479385, 42.99862349479385, 42.99862349479385, 42.99862349479385, 42.99862349479385, 42.99862349479385, 42.99862349479385, 42.99862349479385, 42.99862349479385]
iterations 36
[42.99862349479385, 42.99862349479385, 42.99862349479385, 42.9986348146602, 42.9986348146602, 42.9986348146602, 42.99862349479385, 42.99862349479385, 42.99862349479385, 42.99862349479385, 42.99862349479385, 42.99862349479385, 42.99862349479385, 42.99862349479385, 42.99862349479385, 42.99862349479385, 42.99862349479385, 42.99862349479385, 42.99862349479385, 42.99862349479385, 42.99862349479385, 42.99862349479385, 42.99862349479385, 42.9986348146602, 42.99862349479385, 42.99862349479385, 42.99862349479385, 42.99862349479385, 42.99862349479385, 42.9986348146602, 42.99862349479385, 42.99862349479385, 42.99862349479385, 42.99862349479385, 42.99862349479385, 42.99862349479385, 42.9986348146602, 42.99862349479385, 42.99862349479385, 42.99862349479385, 42.99862349479385, 42.99862349479385, 42.99862349479385, 42.99862349479385, 42.99862349479385, 42.99862349479385, 42.99862349479385, 42.99862349479385, 42.99862349479385, 42.99862349479385]
iterations 37
[42.99862349479385, 42.99862349479385, 42.9986348146602, 42.9986348146602, 42.9986348146602, 42.9986348146602, 42.99862349479385, 42.99862349479385, 42.9986348146602, 42.99862349479385, 42.99862349479385, 42.9986348146602, 42.99862349479385, 42.99862349479385, 42.99862349479385, 42.99862349479385, 42.99862349479385, 42.9986348146602, 42.99862349479385, 42.99951336816671, 42.99869523886437, 42.99862349479385, 42.99862349479385, 42.9986348146602, 42.99862349479385, 42.99862349479385, 42.99862349479385, 42.9986348146602, 42.99862349479385, 42.9986348146602, 42.9986348146602, 42.99862349479385, 42.9986348146602, 42.9986348146602, 42.9986348146602, 42.99862349479385, 42.9986348146602, 42.99862349479385, 42.99862349479385, 42.99862349479385, 42.99862349479385, 42.99862349479385, 42.99862349479385, 42.99862349479385, 42.99862349479385, 42.9986348146602, 42.9986348146602, 42.99862349479385, 42.99862349479385, 42.9986348146602]
iterations 38
[42.99862349479385, 42.99869523886437, 42.9986348146602, 42.9986348146602, 42.9986348146602, 42.9986348146602, 42.9986348146602, 42.99862349479385, 42.99951336816671, 42.9986348146602, 42.99862349479385, 42.9986348146602, 42.99869523886437, 42.9986348146602, 42.9986348146602, 42.9986348146602, 42.9986348146602, 42.9986348146602, 42.99862349479385, 42.99951336816671, 42.99869523886437, 42.99862349479385, 42.9986348146602, 42.9986348146602, 42.9986348146602, 42.9986348146602, 42.99862349479385, 42.9986348146602, 42.99862349479385, 42.9986348146602, 42.9986348146602, 42.99862349479385, 42.9986348146602, 42.9986348146602, 42.9986348146602, 42.9986348146602, 42.9986348146602, 42.9986348146602, 42.99951336816671, 42.99862349479385, 42.9986348146602, 42.99862349479385, 42.99862349479385, 42.9986348146602, 42.9986348146602, 42.99869523886437, 42.9986348146602, 42.99862349479385, 42.99951336816671, 42.9986348146602]
iterations 39
[42.9986348146602, 42.99869523886437, 42.99951336816671, 42.9986348146602, 42.9986348146602, 42.9986348146602, 42.99951336816671, 42.9986348146602, 42.99951336816671, 42.9986348146602, 42.9986348146602, 42.99869523886437, 42.99869523886437, 42.9986348146602, 42.99951336816671, 42.9986348146602, 42.9986348146602, 42.9986348146602, 42.9986348146602, 42.99951336816671, 42.99869523886437, 42.9986348146602, 42.99869523886437, 42.9986348146602, 42.9986348146602, 42.9986348146602, 42.99869523886437, 42.9986348146602, 42.99869523886437, 42.99869523886437, 42.9986348146602, 42.9986348146602, 42.9986348146602, 42.9986348146602, 42.9986348146602, 42.99869523886437, 42.9986348146602, 42.9986348146602, 42.99951336816671, 42.9986348146602, 42.9986348146602, 42.9986348146602, 42.9986348146602, 42.99951336816671, 42.9986348146602, 42.99869523886437, 42.9986348146602, 42.9986348146602, 42.99951336816671, 42.9986348146602]
iterations 40
[42.99951336816671, 42.99869523886437, 42.99951336816671, 42.9986348146602, 42.99869523886437, 42.99869523886437, 42.99951336816671, 42.99869523886437, 42.99951336816671, 42.9986348146602, 42.9986348146602, 42.99951336816671, 42.99951336816671, 42.9986348146602, 42.99951336816671, 42.9986348146602, 42.9986348146602, 42.9986348146602, 42.99951336816671, 42.99951336816671, 42.99869523886437, 42.99869523886437, 42.99951336816671, 42.99951336816671, 42.9986348146602, 42.99869523886437, 42.99869523886437, 42.9986348146602, 42.99951336816671, 42.99869523886437, 42.99951336816671, 42.99869523886437, 42.99951336816671, 42.99951336816671, 42.99869523886437, 42.99869523886437, 42.99951336816671, 42.99951336816671, 42.99951336816671, 42.99951336816671, 42.9986348146602, 42.9986348146602, 42.99951336816671, 42.99951336816671, 42.99951336816671, 42.99869523886437, 42.99869523886437, 42.99869523886437, 42.99951336816671, 42.9986348146602]
iterations 41
[42.99951336816671, 42.99951336816671, 42.99951336816671, 42.99869523886437, 42.99951336816671, 42.99951336816671, 42.99951336816671, 42.99869523886437, 42.99952097344182, 42.99951336816671, 42.9986348146602, 42.99951336816671, 42.99958511223724, 42.9986348146602, 42.99951336816671, 42.9986348146602, 42.99951336816671, 42.99951336816671, 42.99951336816671, 42.99951336816671, 42.99952468803307, 42.99869523886437, 42.99951336816671, 42.99951336816671, 42.9986348146602, 42.99951336816671, 42.99951336816671, 42.99951336816671, 42.99951336816671, 42.99951336816671, 42.99951336816671, 42.99951336816671, 42.99951336816671, 42.99951336816671, 42.99869523886437, 42.99951336816671, 42.99951336816671, 42.99951336816671, 42.99951336816671, 42.99951336816671, 42.99951336816671, 42.99951336816671, 42.99951336816671, 42.99951336816671, 42.99951336816671, 42.99951336816671, 42.99951336816671, 42.99951336816671, 42.99951336816671, 42.99951336816671]
iterations 42
[42.99951336816671, 42.99951336816671, 42.99951336816671, 42.99951336816671, 42.99951336816671, 42.99952468803307, 42.99951336816671, 42.99951336816671, 42.99952097344182, 42.99951336816671, 42.99951336816671, 42.99958511223724, 42.99958511223724, 42.99951336816671, 42.99951336816671, 42.99951336816671, 42.99951336816671, 42.99951336816671, 42.99951336816671, 42.99951336816671, 42.99952468803307, 42.99951336816671, 42.99951336816671, 42.99951336816671, 42.99951336816671, 42.99951336816671, 42.99951336816671, 42.99951336816671, 42.99951336816671, 42.99951336816671, 42.99951336816671, 42.99951336816671, 42.99951336816671, 42.99951336816671, 42.99951336816671, 42.99951336816671, 42.99951336816671, 42.99951336816671, 42.99951336816671, 42.99951336816671, 42.99951336816671, 42.99951336816671, 42.99951336816671, 42.99951336816671, 42.99958511223724, 42.99951336816671, 42.99951336816671, 42.99951336816671, 42.99951336816671, 42.99951336816671]
iterations 43
[42.99958511223724, 42.99958511223724, 42.99951336816671, 42.99952097344182, 42.99951336816671, 42.99952468803307, 42.99957379237088, 42.99952468803307, 42.99952097344182, 42.99951336816671, 42.99952468803307, 42.99958511223724, 42.99958511223724, 42.99951336816671, 42.99951336816671, 42.99951336816671, 42.99951336816671, 42.99951336816671, 42.99951336816671, 42.99952468803307, 42.99952468803307, 42.99951336816671, 42.99951336816671, 42.99951336816671, 42.99951336816671, 42.99958511223724, 42.99951336816671, 42.99951336816671, 42.99951336816671, 42.99951336816671, 42.99958511223724, 42.99951336816671, 42.99951336816671, 42.99951336816671, 42.99951336816671, 42.99951336816671, 42.99951336816671, 42.99951336816671, 42.99951336816671, 42.99951336816671, 42.99951336816671, 42.999543415515916, 42.99951336816671, 42.99951336816671, 42.99958511223724, 42.99951336816671, 42.99951336816671, 42.99951336816671, 42.99951336816671, 42.99951336816671]
iterations 44
[42.99958511223724, 42.99958511223724, 42.99958511223724, 42.99958511223724, 42.99952468803307, 42.99952468803307, 42.99957379237088, 42.99952468803307, 42.99952097344182, 42.99958511223724, 42.99952468803307, 42.99958511223724, 42.99958511223724, 42.99958511223724, 42.99958511223724, 42.99958511223724, 42.99951336816671, 42.99958511223724, 42.99958511223724, 42.99952468803307, 42.99952468803307, 42.99958511223724, 42.99958511223724, 42.99952468803307, 42.99951336816671, 42.99958511223724, 42.99951336816671, 42.99951336816671, 42.99951336816671, 42.99951336816671, 42.99958511223724, 42.99951336816671, 42.99951336816671, 42.99958511223724, 42.99951336816671, 42.99952468803307, 42.99952468803307, 42.99952468803307, 42.99958511223724, 42.99951336816671, 42.99951336816671, 42.999543415515916, 42.99958511223724, 42.99951336816671, 42.99958511223724, 42.99958511223724, 42.99951336816671, 42.99957379237088, 42.99951336816671, 42.99952468803307]
iterations 45
[42.99958511223724, 42.99958511223724, 42.99958511223724, 42.99958511223724, 42.99952468803307, 42.99958511223724, 42.99957379237088, 42.99952468803307, 42.99958511223724, 42.99958511223724, 42.99958511223724, 42.99958511223724, 42.99958511223724, 42.99958511223724, 42.99958511223724, 42.99958511223724, 42.99951336816671, 42.99958511223724, 42.99958511223724, 42.99952468803307, 42.99958511223724, 42.99958511223724, 42.99958511223724, 42.99952468803307, 42.99951336816671, 42.99958511223724, 42.99954341791698, 42.99952468803307, 42.99958511223724, 42.99951336816671, 42.99958511223724, 42.99958511223724, 42.99951336816671, 42.99958511223724, 42.99958511223724, 42.99958511223724, 42.99958511223724, 42.99958511223724, 42.99958511223724, 42.99958511223724, 42.99958511223724, 42.99958511223724, 42.99958511223724, 42.99952468803307, 42.99958511223724, 42.99958511223724, 42.99958511223724, 42.99958511223724, 42.99958511223724, 42.99952468803307]
iterations 46
[42.99958511223724, 42.99958511223724, 42.99958511223724, 42.99958511223724, 42.99952468803307, 42.99958511223724, 42.99958511223724, 42.99958511223724, 42.99958511223724, 42.99958511223724, 42.99958511223724, 42.99958511223724, 42.99958511223724, 42.99958511223724, 42.99958511223724, 42.99958511223724, 42.99958511223724, 42.99958511223724, 42.99958511223724, 42.99958511223724, 42.99958511223724, 42.99958511223724, 42.99958511223724, 42.99952468803307, 42.99958511223724, 42.99958511223724, 42.99958511223724, 42.99958511223724, 42.99958511223724, 42.99958511223724, 42.99958511223724, 42.99958511223724, 42.99958511223724, 42.99958511223724, 42.99958511223724, 42.99958511223724, 42.99958511223724, 42.99958511223724, 42.99958511223724, 42.99958511223724, 42.99958511223724, 42.99958511223724, 42.99958511223724, 42.99958511223724, 42.99958511223724, 42.99958511223724, 42.99958511223724, 42.99958511223724, 42.99958511223724, 42.99958511223724]
iterations 47
[42.99958511223724, 42.99958511223724, 42.99958511223724, 42.99958511223724, 42.99958511223724, 42.99958511223724, 42.99958511223724, 42.99958511223724, 42.99958511223724, 42.99958511223724, 42.99958511223724, 42.99958511223724, 42.99958511223724, 42.99958511223724, 42.99958511223724, 42.99958511223724, 42.99958511223724, 42.99958511223724, 42.99958511223724, 42.99958511223724, 42.99958511223724, 42.99958511223724, 42.99958511223724, 42.99958511223724, 42.99958511223724, 42.99958511223724, 42.99958511223724, 42.99958511223724, 42.99958511223724, 42.99958511223724, 42.99958511223724, 42.99958511223724, 42.99958511223724, 42.99958511223724, 42.99958511223724, 42.99958511223724, 42.99958511223724, 42.99958511223724, 42.99958511223724, 42.99958511223724, 42.99958511223724, 42.99958511223724, 42.99958511223724, 42.99958511223724, 42.99958511223724, 42.99958511223724, 42.99958511223724, 42.99958511223724, 42.99958511223724, 42.99958511223724]
iterations 48
[42.99958511223724, 42.99958511223724, 42.99958511223724, 42.99958511223724, 42.99958511223724, 42.99958511223724, 42.99958511223724, 42.99958511223724, 42.99958511223724, 42.99958511223724, 42.99958511223724, 42.99958511223724, 42.99958511223724, 42.99958511223724, 42.99958511223724, 42.99958511223724, 42.99958511223724, 42.99958511223724, 42.99958511223724, 42.99958511223724, 42.99958511223724, 42.99958511223724, 42.99958511223724, 42.99958511223724, 42.99958511223724, 42.99958511223724, 42.99958511223724, 42.99958511223724, 42.99958511223724, 42.99958511223724, 42.99958511223724, 42.99958511223724, 42.99958511223724, 42.99958511223724, 42.99958511223724, 42.99958511223724, 42.99958511223724, 42.99958511223724, 42.99958511223724, 42.99958511223724, 42.99958511223724, 42.99958511223724, 42.99958511223724, 42.99958511223724, 42.99958511223724, 42.99958511223724, 42.99958511223724, 42.99958511223724, 42.99958511223724, 42.99958511223724]
iterations 49
[42.99958511223724, 42.99958511223724, 42.99958511223724, 42.99958511223724, 42.99958511223724, 42.99958511223724, 42.99958511223724, 42.99958511223724, 42.99958511223724, 42.99958511223724, 42.99958511223724, 42.99958511223724, 42.99958511223724, 42.99958511223724, 42.99958511223724, 42.99958511223724, 42.99958511223724, 42.99958511223724, 42.99958511223724, 42.99958511223724, 42.99958511223724, 42.99958511223724, 42.99958511223724, 42.99958511223724, 42.99958511223724, 42.99958511223724, 42.99958511223724, 42.99958511223724, 42.99958511223724, 42.99958511223724, 42.99958511223724, 42.99958511223724, 42.99958511223724, 42.99958511223724, 42.99958511223724, 42.99958511223724, 42.99958511223724, 42.99958511223724, 42.99958511223724, 42.99958511223724, 42.99958511223724, 42.99958511223724, 42.99958511223724, 42.99958511223724, 42.99958511223724, 42.99958511223724, 42.99958511223724, 42.99958511223724, 42.99958511223724, 42.99958511223724]
iterations 50
[42.99958511223724, 42.99958511223724, 42.99958511223724, 42.99958511223724, 42.99958511223724, 42.99958511223724, 42.99958511223724, 42.99958511223724, 42.99958511223724, 42.99958511223724, 42.99958511223724, 42.99958511223724, 42.99958511223724, 42.99958511223724, 42.99958511223724, 42.99958511223724, 42.99958511223724, 42.99958511223724, 42.99958511223724, 42.99958511223724, 42.99958511223724, 42.99958511223724, 42.99958511223724, 42.99958511223724, 42.99958511223724, 42.99958511223724, 42.99958511223724, 42.99958511223724, 42.99958511223724, 42.99958511223724, 42.99958511223724, 42.99958511223724, 42.99958511223724, 42.99958511223724, 42.99958511223724, 42.99958511223724, 42.99958511223724, 42.99958511223724, 42.99958511223724, 42.99958511223724, 42.99958511223724, 42.99958511223724, 42.99958511223724, 42.99958511223724, 42.99958511223724, 42.99958511223724, 42.99958511223724, 42.99958511223724, 42.99958511223724, 42.99958511223724]
iterations 51
[42.99958511223724, 42.99958511223724, 42.99958511223724, 42.99958511223724, 42.99958511223724, 42.99958511223724, 42.99958511223724, 42.99958511223724, 42.99958511223724, 42.99958511223724, 42.99958511223724, 42.99958511223724, 42.99958511223724, 42.99958511223724, 42.99958511223724, 42.99958511223724, 42.99958511223724, 42.99958511223724, 42.99958511223724, 42.99958511223724, 42.99958511223724, 42.99958511223724, 42.99958511223724, 42.99958511223724, 42.99958511223724, 42.99958511223724, 42.99958511223724, 42.99958511223724, 42.99958511223724, 42.99958511223724, 42.99958511223724, 42.99958511223724, 42.99958511223724, 42.99958511223724, 42.99958511223724, 42.99958511223724, 42.99958511223724, 42.99958511223724, 42.99958511223724, 42.99958511223724, 42.99958511223724, 42.99958511223724, 42.99958511223724, 42.99958511223724, 42.99958511223724, 42.99958511223724, 42.99958511223724, 42.99958511223724, 42.99958511223724, 42.99958511223724]
iterations 52
[42.99958511223724, 42.99958511223724, 42.99958511223724, 42.99958511223724, 42.99958511223724, 42.99958511223724, 42.99958511223724, 42.99958511223724, 42.99958511223724, 42.99958511223724, 42.99958511223724, 42.99958511223724, 42.99958511223724, 42.99958511223724, 42.99958511223724, 42.99958511223724, 42.99958511223724, 42.99958511223724, 42.999713450049434, 42.99958511223724, 42.99958511223724, 42.99958511223724, 42.99958511223724, 42.99958511223724, 42.99958511223724, 42.99958511223724, 42.99958511223724, 42.99958511223724, 42.99958511223724, 42.99958511223724, 42.99958511223724, 42.99958511223724, 42.99958511223724, 42.99958511223724, 42.99958511223724, 42.99958511223724, 42.99958511223724, 42.99958511223724, 42.99958511223724, 42.99958511223724, 42.99958511223724, 42.99958511456174, 42.99958511223724, 42.99958511223724, 42.99958511223724, 42.99958511223724, 42.99958511223724, 42.99958511223724, 42.99958511223724, 42.99958511223724]
iterations 53
[42.99958511223724, 42.99958511223724, 42.99958511223724, 42.99958511223724, 42.99958511223724, 42.99958511223724, 42.99958511223724, 42.99958511223724, 42.99958511223724, 42.99958511223724, 42.99958511223724, 42.99958511223724, 42.99958511223724, 42.99958511223724, 42.99958511223724, 42.99958511223724, 42.99958511223724, 42.99958511223724, 42.999713450049434, 42.99958511223724, 42.99958511223724, 42.99958511223724, 42.99958511223724, 42.99958511223724, 42.99958511223724, 42.999713450049434, 42.99958511223724, 42.99958511223724, 42.99958511223724, 42.999713450049434, 42.99958511223724, 42.99958511223724, 42.99958511223724, 42.99958511223724, 42.99958511456174, 42.99958511223724, 42.99958511223724, 42.99958511223724, 42.99958511223724, 42.99958511223724, 42.99958511456174, 42.99958511456174, 42.99958511223724, 42.99958511223724, 42.99958511223724, 42.999713450049434, 42.99958511223724, 42.99958511223724, 42.99958511223724, 42.99958511223724]
iterations 54
[42.99958511223724, 42.99958511223724, 42.999713450049434, 42.999713450049434, 42.99958511223724, 42.99958511456174, 42.99958511223724, 42.99958511223724, 42.99958511223724, 42.999713450049434, 42.99958511223724, 42.99958511223724, 42.99958511223724, 42.99958511223724, 42.99958511223724, 42.999713450049434, 42.99958511223724, 42.99958511223724, 42.999713450049434, 42.99958511223724, 42.99958511456174, 42.999713450049434, 42.99958511223724, 42.99958511223724, 42.99958511223724, 42.999713450049434, 42.999713450049434, 42.99958511223724, 42.99958511223724, 42.999713450049434, 42.99958511223724, 42.99958511223724, 42.99958511223724, 42.99958511223724, 42.99958511456174, 42.99958511223724, 42.99958511223724, 42.99958511223724, 42.999713450049434, 42.99958511223724, 42.99958511456174, 42.99958511456174, 42.99958511456174, 42.99958511223724, 42.99958511223724, 42.999713450049434, 42.99958511223724, 42.99958511223724, 42.99958511223724, 42.99958511223724]
iterations 55
[42.99958511456174, 42.999713450049434, 42.999713450049434, 42.999713450049434, 42.99958511223724, 42.99958511456174, 42.999713450049434, 42.99958511223724, 42.99958511223724, 42.999713450049434, 42.99958511456174, 42.99958511223724, 42.999713450049434, 42.99958511223724, 42.999713450049434, 42.999713450049434, 42.99958511223724, 42.99958511223724, 42.999713450049434, 42.999713450049434, 42.999713450049434, 42.999713450049434, 42.99958511223724, 42.999713450049434, 42.99958511223724, 42.999713450049434, 42.999713450049434, 42.99958511223724, 42.999713450049434, 42.999713450049434, 42.99958511223724, 42.999713450049434, 42.999713450049434, 42.99958511223724, 42.99958511456174, 42.99958511223724, 42.999713450049434, 42.999713450049434, 42.999713450049434, 42.999713450049434, 42.99958511456174, 42.999713450049434, 42.99958511456174, 42.99958511223724, 42.999713450049434, 42.999713450049434, 42.99958511456174, 42.999713450049434, 42.99958511223724, 42.999713450049434]
iterations 56
[42.999713450049434, 42.999713450049434, 42.999713450049434, 42.999713450049434, 42.99971345237394, 42.99958511456174, 42.999713450049434, 42.999713450049434, 42.999713450049434, 42.999713450049434, 42.999713450049434, 42.999713450049434, 42.999713450049434, 42.999713450049434, 42.999713450049434, 42.999713450049434, 42.999713450049434, 42.99958511223724, 42.999713450049434, 42.999713450049434, 42.999713450049434, 42.999713450049434, 42.999713450049434, 42.999713450049434, 42.99958511456174, 42.999713450049434, 42.999713450049434, 42.999713450049434, 42.999713450049434, 42.999713450049434, 42.99958511456174, 42.999713450049434, 42.999713450049434, 42.99958511456174, 42.999713450049434, 42.999713450049434, 42.999713450049434, 42.999713450049434, 42.999713450049434, 42.999713450049434, 42.99958511456174, 42.999713450049434, 42.999713450049434, 42.999713450049434, 42.999713450049434, 42.999713450049434, 42.99958511456174, 42.999713450049434, 42.999713450049434, 42.999713450049434]
iterations 57
[42.999713450049434, 42.999713450049434, 42.999713450049434, 42.99971345237394, 42.99971345237394, 42.999713450049434, 42.999713450049434, 42.999713450049434, 42.999713450049434, 42.999713450049434, 42.999713450049434, 42.999713450049434, 42.999713450049434, 42.999713450049434, 42.999713450049434, 42.999713450049434, 42.999713450049434, 42.999713450049434, 42.999713450049434, 42.999713450049434, 42.999713450049434, 42.999713450049434, 42.999713450049434, 42.999713450049434, 42.999713450049434, 42.999713450049434, 42.999713450049434, 42.999713450049434, 42.999713450049434, 42.999713450049434, 42.999713450049434, 42.999713450049434, 42.999713450049434, 42.999713450049434, 42.999713450049434, 42.999713450049434, 42.999713450049434, 42.999713450049434, 42.999713450049434, 42.999713450049434, 42.999713450049434, 42.999713450049434, 42.999713450049434, 42.999713450049434, 42.999713450049434, 42.999713450049434, 42.999713450049434, 42.999713450049434, 42.99971345237394, 42.999713450049434]
iterations 58
[42.999713450049434, 42.999713450049434, 42.999713450049434, 42.99971345237394, 42.99971345237394, 42.999713450049434, 42.999713450049434, 42.999713450049434, 42.999713450049434, 42.999713450049434, 42.999713450049434, 42.999713450049434, 42.99971345237394, 42.999713450049434, 42.99971345237394, 42.999713450049434, 42.999713450049434, 42.999713450049434, 42.999713450049434, 42.999713450049434, 42.999713450049434, 42.999713450049434, 42.999713450049434, 42.999713450049434, 42.999713450049434, 42.999713450049434, 42.999713450049434, 42.999713450049434, 42.999713450049434, 42.999713450049434, 42.999713450049434, 42.999713450049434, 42.999713450049434, 42.999713450049434, 42.999713450049434, 42.999713450049434, 42.999713450049434, 42.999713450049434, 42.999713450049434, 42.999713450049434, 42.999713450049434, 42.99971345237394, 42.999713450049434, 42.999713450049434, 42.999713450049434, 42.999713450049434, 42.999713450049434, 42.999713450049434, 42.99971345237394, 42.999713450049434]
iterations 59
[42.999713450049434, 42.99971345237394, 42.999713450049434, 42.99971345237394, 42.99971345237394, 42.99971345237394, 42.999713450049434, 42.999713450049434, 42.999713450049434, 42.999713450049434, 42.999713450049434, 42.999713450049434, 42.99971345237394, 42.99971345237394, 42.99971345237394, 42.999713450049434, 42.999713450049434, 42.999713450049434, 42.99971345237394, 42.999713450049434, 42.999713450049434, 42.999713450049434, 42.999713450049434, 42.999713450049434, 42.999713450049434, 42.999713450049434, 42.999713450049434, 42.999713450049434, 42.999713450049434, 42.999713450049434, 42.999713450049434, 42.99971345237394, 42.999713450049434, 42.999713450049434, 42.999713450049434, 42.99971345237394, 42.999713450049434, 42.99971345237394, 42.999713450049434, 42.999713450049434, 42.99971345237394, 42.99971345237394, 42.999713450049434, 42.999713450049434, 42.999713450049434, 42.999713450049434, 42.99971345237394, 42.999713450049434, 42.99971345237394, 42.999713450049434]
iterations 60
[42.999713450049434, 42.99971345237394, 42.99971345237394, 42.99971345237394, 42.99971345237394, 42.99971345237394, 42.999713450049434, 42.999713450049434, 42.99971345237394, 42.99971345237394, 42.999713450049434, 42.999713450049434, 42.99971345237394, 42.99971345237394, 42.99971345237394, 42.999713450049434, 42.99971345237394, 42.99971345237394, 42.99971345237394, 42.99971345237394, 42.999713450049434, 42.999713450049434, 42.999713450049434, 42.999713450049434, 42.999713450049434, 42.99971345237394, 42.999713450049434, 42.999713450049434, 42.99971345237394, 42.999713450049434, 42.99971345237394, 42.99971345237394, 42.99971345237394, 42.999713450716065, 42.999713450049434, 42.99971345237394, 42.99971345237394, 42.99971345237394, 42.999713450049434, 42.999713450049434, 42.99971345237394, 42.99971345237394, 42.99971345237394, 42.999713450049434, 42.999713450049434, 42.999713450049434, 42.99971345237394, 42.999713450049434, 42.99971345237394, 42.99971345237394]
iterations 61
[42.99971345237394, 42.99971345237394, 42.99971345237394, 42.99971345237394, 42.99971345237394, 42.99971345237394, 42.99971345237394, 42.999713450049434, 42.99971345237394, 42.99971345237394, 42.99971345237394, 42.99971345237394, 42.99971345237394, 42.99971345237394, 42.99971345237394, 42.99971345237394, 42.99971345237394, 42.99971345237394, 42.99971345237394, 42.99971345237394, 42.99971345237394, 42.99971345237394, 42.99971345237394, 42.99971345237394, 42.99971345237394, 42.99971345237394, 42.999713450049434, 42.99971345237394, 42.99971345237394, 42.999713450716065, 42.99971345237394, 42.99971345237394, 42.99971345237394, 42.99971345237394, 42.999713450049434, 42.99971345237394, 42.99971345237394, 42.99971345237394, 42.99971345237394, 42.99971345237394, 42.99971345237394, 42.99971345237394, 42.99971345237394, 42.99971345237394, 42.999713450049434, 42.999713450049434, 42.99971345237394, 42.99971345237394, 42.99971345237394, 42.99971345237394]
iterations 62
[42.99971345237394, 42.99971345237394, 42.99971345237394, 42.99971345237394, 42.99971345237394, 42.99971345237394, 42.99971345237394, 42.99971345237394, 42.99971345237394, 42.99971345237394, 42.99971345237394, 42.99971345237394, 42.99971345237394, 42.99971345237394, 42.99971345237394, 42.99971345237394, 42.99971345237394, 42.99971345237394, 42.99971345237394, 42.99971345237394, 42.99971345237394, 42.99971345237394, 42.99971345237394, 42.99971345237394, 42.99971345237394, 42.99971345237394, 42.999713450049434, 42.99971345237394, 42.99971345237394, 42.99971345237394, 42.99971345237394, 42.99971345237394, 42.99971345237394, 42.99971345237394, 42.99971345237394, 42.99971345237394, 42.99971345237394, 42.99971345237394, 42.99971345237394, 42.99971345237394, 42.99971345237394, 42.99971345237394, 42.99971345237394, 42.99971345237394, 42.99971345237394, 42.99971345237394, 42.99971345237394, 42.99971345237394, 42.99971345237394, 42.99971345237394]
iterations 63
[42.99971345237394, 42.99971345237394, 42.99971345237394, 42.99971345237394, 42.99971345237394, 42.99971345237394, 42.99971345237394, 42.99971345237394, 42.99971345237394, 42.99971345237394, 42.99971345237394, 42.99971345237394, 42.99971345237394, 42.99971345237394, 42.99971345237394, 42.99971345237394, 42.99971345237394, 42.99971345237394, 42.99971345237394, 42.99971345237394, 42.99971345237394, 42.99971345237394, 42.99971345237394, 42.99971345237394, 42.99971345237394, 42.99971345237394, 42.99971345237394, 42.99971345237394, 42.99971345237394, 42.99971345237394, 42.99971345237394, 42.99971345237394, 42.99971345237394, 42.99971345237394, 42.99971345237394, 42.99971345237394, 42.99971345237394, 42.99971345237394, 42.99971345237394, 42.99971345237394, 42.99971345237394, 42.99971345237394, 42.99971345237394, 42.99971345237394, 42.99971345237394, 42.99971345237394, 42.99971345237394, 42.99971345237394, 42.99971345237394, 42.99971345237394]
iterations 64
[42.99971345237394, 42.99971345237394, 42.99971345237394, 42.99971345237394, 42.99971345237394, 42.99971345237394, 42.99971345237394, 42.99971345237394, 42.99971345237394, 42.99971345237394, 42.99971345237394, 42.99971345237394, 42.99971345237394, 42.99971345237394, 42.99971345237394, 42.99971345237394, 42.99971345237394, 42.99971345237394, 42.99971345237394, 42.99971345237394, 42.99971345237394, 42.99971345237394, 42.99971345237394, 42.99971345237394, 42.99971345237394, 42.99971345237394, 42.99971345237394, 42.99971345237394, 42.99971345237394, 42.99971345237394, 42.99971345237394, 42.99971345237394, 42.99971345237394, 42.99971345237394, 42.99971345237394, 42.99971345237394, 42.99971345237394, 42.99971345237394, 42.99971345237394, 42.99971345237394, 42.99971345237394, 42.99971345237394, 42.99971345237394, 42.99971345237394, 42.99971345237394, 42.99971345237394, 42.99971345237394, 42.99971345237394, 42.99971345237394, 42.99971345237394]
iterations 65
[42.99971345237394, 42.99971345237394, 42.99971345237394, 42.99971345237394, 42.99971345237394, 42.99971345237394, 42.99971345237394, 42.99971345237394, 42.99971345237394, 42.99971345237394, 42.99971345237394, 42.99971345237394, 42.99971345237394, 42.99971345237394, 42.99971345237394, 42.99971345237394, 42.99971345237394, 42.99971345237394, 42.99971345237394, 42.99971345237394, 42.99971345237394, 42.99971345237394, 42.99971345237394, 42.99971345237394, 42.99971345237394, 42.99971345237394, 42.99971345237394, 42.99971345237394, 42.99971345237394, 42.99971345237394, 42.99971345237394, 42.99971345237394, 42.99971345237394, 42.99971345237394, 42.99971345237394, 42.99971345237394, 42.99971345237394, 42.99971345237394, 42.99971345237394, 42.99971345237394, 42.99971345237394, 42.99971345237394, 42.99971345237394, 42.99971345237394, 42.99971345237394, 42.99971345237394, 42.99971345237394, 42.99971345237394, 42.99971345237394, 42.99971345237394]
iterations 66
[42.99971345237394, 42.99971345237394, 42.99971345237394, 42.99971345237394, 42.99971345237394, 42.99971345237394, 42.99971345237394, 42.99971345237394, 42.99971345237394, 42.99971345237394, 42.99971345237394, 42.99971345237394, 42.99971345237394, 42.99971345237394, 42.99971345237394, 42.99971345237394, 42.99971345237394, 42.99971345237394, 42.99971345237394, 42.99971345237394, 42.99971345237394, 42.99971345237394, 42.99971345237394, 42.99971345237394, 42.99971345237394, 42.99971345237394, 42.99971345237394, 42.99971345237394, 42.99971345237394, 42.99971345237394, 42.99971345237394, 42.99971345237394, 42.99971345237394, 42.99971345237394, 42.99971345237394, 42.99971345237394, 42.99971345237394, 42.99971345237394, 42.99971345237394, 42.99971345237394, 42.99971345237394, 42.99971345237394, 42.99971345237394, 42.99971345237394, 42.99971345237394, 42.99971345237394, 42.99971345237394, 42.99971345237394, 42.99971345237394, 42.99971345237394]
iterations 67
[42.99971345237394, 42.99971345237394, 42.99971345237394, 42.99971345237394, 42.99971345237394, 42.99971345237394, 42.99971345237394, 42.99971345237394, 42.99971345237394, 42.99971345237394, 42.99971345237394, 42.99971345237394, 42.99971345237394, 42.99971345237394, 42.99971345237394, 42.99971345237394, 42.99971345237394, 42.99971345237394, 42.99971345237394, 42.99971345237394, 42.99971345237394, 42.99971345237394, 42.99971345237394, 42.99971345237394, 42.99971345237394, 42.99971345237394, 42.99971345237394, 42.99971345237394, 42.99971345237394, 42.99971345237394, 42.99971345237394, 42.99971345237394, 42.99971345237394, 42.99971345237394, 42.99971345237394, 42.99971345237394, 42.99971345237394, 42.99971345237394, 42.99971345237394, 42.99971345237394, 42.99971345237394, 42.99971345237394, 42.99971345237394, 42.99971345237394, 42.99971345237394, 42.99971345237394, 42.99971345237394, 42.99971345237394, 42.99971345237394, 42.99971345237394]
iterations 68
[42.99971345237394, 42.99971345237394, 42.99971345237394, 42.99971345237394, 42.99971345237394, 42.99971345237394, 42.99971345237394, 42.99971345237394, 42.99971345237394, 42.99971345237394, 42.99971345237394, 42.99971345237394, 42.99971345237394, 42.99971345237394, 42.99971345237394, 42.99971345237394, 42.99971345237394, 42.99971345237394, 42.99971345237394, 42.99971345237394, 42.99971345237394, 42.99971345237394, 42.99971345237394, 42.99971345237394, 42.99971345237394, 42.99971345237394, 42.99971345237394, 42.99971345237394, 42.99971345237394, 42.99971345237394, 42.99971345237394, 42.99971345237394, 42.99971345237394, 42.99971345237394, 42.99971345237394, 42.99971345237394, 42.99971345237394, 42.99971345237394, 42.99971345237394, 42.99971345237394, 42.99971345237394, 42.99971345237394, 42.99971345237394, 42.99971345237394, 42.99971345237394, 42.99971345237394, 42.99971345237394, 42.99971345237394, 42.99971345237394, 42.99971345237394]
iterations 69
[42.99971345237394, 42.99971345237394, 42.99971345237394, 42.99971345237394, 42.99971345237394, 42.99971345237394, 42.99971345237394, 42.99971345237394, 42.99971345237394, 42.99971345237394, 42.99971345237394, 42.99971345237394, 42.99971345237394, 42.99971345237394, 42.99971345237394, 42.99971345237394, 42.99971345237394, 42.99971345237394, 42.99971345237394, 42.99971345237394, 42.99971345237394, 42.99971345237394, 42.99971345237394, 42.99971345237394, 42.99971345237394, 42.99971345237394, 42.99971345237394, 42.99971345237394, 42.99971345237394, 42.99971345237394, 42.99971345237394, 42.99971345237394, 42.99971345237394, 42.99971345237394, 42.99971345237394, 42.99971345237394, 42.99971345237394, 42.99971345237394, 42.99971345237394, 42.99971345237394, 42.99971345237394, 42.99971345237394, 42.99971345237394, 42.99971345237394, 42.99971345237394, 42.99971345237394, 42.99971345237394, 42.99971345237394, 42.99971345237394, 42.99971345237394]
iterations 70
[42.99971345237394, 42.99971345237394, 42.99971345237394, 42.99971345237394, 42.99971345237394, 42.99971345237394, 42.99971345237394, 42.99971345237394, 42.99971345237394, 42.99971345237394, 42.99971345237394, 42.99971345237394, 42.99971345237394, 42.99971345237394, 42.99971345237394, 42.99971345237394, 42.99971345237394, 42.99971345237394, 42.99971345237394, 42.99971345237394, 42.99971345237394, 42.99971345237394, 42.99971345237394, 42.99971345237394, 42.99971345237394, 42.99971345237394, 42.99971345237394, 42.99971345237394, 42.99971345237394, 42.99971345237394, 42.99971345237394, 42.99971345237394, 42.99971345237394, 42.99971345237394, 42.99971345237394, 42.99971345237394, 42.99971345237394, 42.99971345237394, 42.99971345237394, 42.99971345237394, 42.99971345237394, 42.99971345237394, 42.99971345237394, 42.99971345237394, 42.99971345237394, 42.99971345237394, 42.99971345237394, 42.99971345237394, 42.99971345237394, 42.99971345237394]
iterations 71
[42.99971345237394, 42.99971345237394, 42.99971345237394, 42.99971345237394, 42.99971345237394, 42.99971345237394, 42.99971345237394, 42.99971345237394, 42.99971345237394, 42.99971345237394, 42.99971345237394, 42.99971345237394, 42.99971345237394, 42.99971345237394, 42.99971345237394, 42.99971345237394, 42.99971345237394, 42.99971345237394, 42.99971345237394, 42.99971345237394, 42.99971345237394, 42.99971345237394, 42.99971345237394, 42.99971345237394, 42.99971345237394, 42.99971345237394, 42.99971345237394, 42.99971345237394, 42.99971345237394, 42.99971345237394, 42.99971345237394, 42.99971345237394, 42.99971345237394, 42.99971345237394, 42.99971345237394, 42.99971345237394, 42.99971345237394, 42.99971345237394, 42.99971345237394, 42.99971345237394, 42.99971345237394, 42.99971345237394, 42.99971345237394, 42.99971345237394, 42.99971345237394, 42.99971345237394, 42.99971345237394, 42.99971345237394, 42.99971345237394, 42.99971345237394]
iterations 72
[42.99971345237394, 42.99971345237394, 42.99971345237394, 42.99971345237394, 42.99971345237394, 42.99971345237394, 42.99971345237394, 42.99971345237394, 42.99971345237394, 42.99971345237394, 42.99971345237394, 42.99971345237394, 42.99971345237394, 42.99971345237394, 42.99971345237394, 42.99971345237394, 42.99971345237394, 42.99971345237394, 42.99971345237394, 42.99971345237394, 42.99971345237394, 42.99971345237394, 42.99971345237394, 42.99971345237394, 42.99971345237394, 42.99971345237394, 42.99971345237394, 42.99971345237394, 42.99971345237394, 42.99971345237394, 42.99971345237394, 42.99971345237394, 42.99971345237394, 42.99971345237394, 42.99971345237394, 42.99971345237394, 42.99971345237394, 42.99971345237394, 42.99971345237394, 42.99971345237394, 42.99971345237394, 42.99971345237394, 42.99971345237394, 42.99971345237394, 42.99971345237394, 42.99971345237394, 42.99971345237394, 42.99971345237394, 42.99971345237394, 42.99971345237394]
iterations 73
[42.99971345237394, 42.99971345237394, 42.99971345237394, 42.99971345237394, 42.99971345237394, 42.99971345237394, 42.99971345237394, 42.99971345237394, 42.99971345237394, 42.99971345237394, 42.99971345237394, 42.99971345237394, 42.99971345237394, 42.99971345237394, 42.99971345237394, 42.99971345237394, 42.99971345237394, 42.99971345237394, 42.99971345237394, 42.99971345237394, 42.99971345237394, 42.99971345237394, 42.99971345237394, 42.99971345237394, 42.99971345237394, 42.99971345237394, 42.99971345237394, 42.99971345237394, 42.99971345237394, 42.99971345237394, 42.99971345237394, 42.99971345237394, 42.99971345237394, 42.99971345237394, 42.99971345237394, 42.99971345237394, 42.99971345237394, 42.99971345237394, 42.99971345237394, 42.99971345237394, 42.99971345237394, 42.99971345237394, 42.99971345237394, 42.99971345237394, 42.99971345237394, 42.99971345237394, 42.99971345237394, 42.99971345237394, 42.99971345237394, 42.99971345237394]
iterations 74
[42.99971345237394, 42.99971345237394, 42.99971345237394, 42.99971345237394, 42.99971345237394, 42.99971345237394, 42.99971345237394, 42.99971345237394, 42.99971345237394, 42.99971345237394, 42.99971345237394, 42.99971345237394, 42.99971345237394, 42.99971345237394, 42.99971345237394, 42.99971345237394, 42.99971345237394, 42.99971345237394, 42.99971345237394, 42.99971345237394, 42.99971345237394, 42.99971345237394, 42.99971345237394, 42.99971345237394, 42.99971345237394, 42.99971345237394, 42.99971345237394, 42.99971345237394, 42.99971345237394, 42.99971345237394, 42.99971345237394, 42.99971345237394, 42.99971345237394, 42.99971345237394, 42.99971345237394, 42.99971345237394, 42.99971345237394, 42.99971345237394, 42.99971345237394, 42.99971345237394, 42.99971345237394, 42.99971345237394, 42.99971345237394, 42.99971345237394, 42.99971345237394, 42.99971345237394, 42.99971345237394, 42.99971345237394, 42.99971345237394, 42.99971345237394]
iterations 75
[42.99971345237394, 42.99971345237394, 42.99971345237394, 42.99971345237394, 42.99971345237394, 42.99971345237394, 42.99971345237394, 42.99971345237394, 42.99971345237394, 42.99971345237394, 42.99971345237394, 42.99971345237394, 42.99971345237394, 42.99971345237394, 42.99971345237394, 42.99971345237394, 42.99971345237394, 42.99971345237394, 42.99971345237394, 42.99971345237394, 42.99971345237394, 42.99971345237394, 42.99971345237394, 42.99971345237394, 42.99971345237394, 42.99971345237394, 42.99971345237394, 42.99971345237394, 42.99971345237394, 42.99971345237394, 42.99971345237394, 42.99971345237394, 42.99971345237394, 42.99971345237394, 42.99971345237394, 42.99971345237394, 42.99971345237394, 42.99971345237394, 42.99971345237394, 42.99971345237394, 42.99971345237394, 42.99971345237394, 42.99971345237394, 42.99971345237394, 42.99971345237394, 42.99971345237394, 42.99971345237394, 42.99971345237394, 42.99971345237394, 42.99971345237394]
iterations 76
[42.99971345237394, 42.99971345237394, 42.99971345237394, 42.99971345237394, 42.99971345237394, 42.99971345237394, 42.99971345237394, 42.99971345237394, 42.99971345237394, 42.99971345237394, 42.99971345237394, 42.99971345237394, 42.99971345237394, 42.99971345237394, 42.99971345237394, 42.99971345237394, 42.999733580248765, 42.99971345237394, 42.99971345237394, 42.99971345237394, 42.99971345237394, 42.99971345237394, 42.99971345237394, 42.99971345237394, 42.99971345237394, 42.99971345237394, 42.99971345237394, 42.99971345237394, 42.99971345237394, 42.99971345237394, 42.99971345237394, 42.99971345237394, 42.99971345237394, 42.99971345237394, 42.99971345237394, 42.99971345237394, 42.99971345237394, 42.99971345237394, 42.99971345237394, 42.99971345237394, 42.99971345237394, 42.99971345237394, 42.99971345237394, 42.99971345237394, 42.99971345237394, 42.99971345237394, 42.99971345237394, 42.99971345237394, 42.99971345237394, 42.99971345237394]
iterations 77
[42.99971345237394, 42.99971345237394, 42.99971345237394, 42.99971345237394, 42.99971345237394, 42.99971345237394, 42.99971345237394, 42.99971345237394, 42.99971345237394, 42.99971345237394, 42.99971345237394, 42.999733580248765, 42.99971345237394, 42.99971345237394, 42.99971345237394, 42.999733580248765, 42.999733580248765, 42.99971345237394, 42.99971345237394, 42.99971345237394, 42.99971345237394, 42.99971345237394, 42.99971345237394, 42.999733580248765, 42.99971345237394, 42.99971345237394, 42.999733580248765, 42.99971345237394, 42.99971345237394, 42.99971345237394, 42.99971345237394, 42.99971345237394, 42.99971345237394, 42.99971345237394, 42.99971345237394, 42.99971345237394, 42.99971345237394, 42.99971345237394, 42.99971345237394, 42.99971345237394, 42.99971345237394, 42.99971345237394, 42.99971345237394, 42.99971345237394, 42.99971345237394, 42.99971345237394, 42.99971345237394, 42.99971345237394, 42.99971345237394, 42.99971345237394]
iterations 78
[42.99971345237394, 42.99971345237394, 42.99971345237394, 42.99971345237394, 42.99971345237394, 42.99971345237394, 42.99971345237394, 42.99971345237394, 42.99971345237394, 42.99971345237394, 42.999733580248765, 42.999733580248765, 42.99971345237394, 42.999733580248765, 42.99971345237394, 42.999733580248765, 42.999733580248765, 42.99971345237394, 42.99971345237394, 42.99971345237394, 42.999733580248765, 42.999733580248765, 42.99971345237394, 42.999733580248765, 42.99971345237394, 42.99971345237394, 42.999733580248765, 42.999733580248765, 42.99971345237394, 42.99971345237394, 42.99971345237394, 42.99971345237394, 42.99971345237394, 42.99971345237394, 42.999733580248765, 42.99971345237394, 42.99971345237394, 42.99971345237394, 42.99971345237394, 42.99971345237394, 42.99971345237394, 42.99971345237394, 42.99971345237394, 42.99971345237394, 42.99971345237394, 42.99971345237394, 42.99971345237394, 42.99971345237394, 42.99971345237394, 42.999733580248765]
iterations 79
[42.99971345237394, 42.99971345237394, 42.999733580248765, 42.99971345237394, 42.99971345237394, 42.99971345237394, 42.99971345237394, 42.999733580248765, 42.99971345237394, 42.99971345237394, 42.999733580248765, 42.999733580248765, 42.99971345237394, 42.999733580248765, 42.99971345237394, 42.999733580248765, 42.999733580248765, 42.99971345237394, 42.99971345237394, 42.99971345237394, 42.999733580248765, 42.999733580248765, 42.99971345237394, 42.999733580248765, 42.999733580248765, 42.999733580248765, 42.999733580248765, 42.999733580248765, 42.999733580248765, 42.99971345237394, 42.999733580248765, 42.99971345237394, 42.999733580248765, 42.999733580248765, 42.999733580248765, 42.999733580248765, 42.999733580248765, 42.999733580248765, 42.999733580248765, 42.99971345237394, 42.99971345237394, 42.99971345237394, 42.99971345237394, 42.999733580248765, 42.99971345237394, 42.99971345237394, 42.99971345237394, 42.999733580248765, 42.99971345237394, 42.999733580248765]
iterations 80
[42.999733580248765, 42.999733580248765, 42.999733580248765, 42.999733580248765, 42.999733580248765, 42.999733580248765, 42.999733580248765, 42.999733580248765, 42.99971345237394, 42.999733580248765, 42.999733580248765, 42.999733580248765, 42.999733580248765, 42.999733580248765, 42.999733580248765, 42.999733580248765, 42.999733580248765, 42.999733580248765, 42.999733580248765, 42.999733580248765, 42.999733580248765, 42.999733580248765, 42.99971345237394, 42.999733580248765, 42.999733580248765, 42.999733580248765, 42.999733580248765, 42.999733580248765, 42.999733580248765, 42.999733580248765, 42.999733580248765, 42.999733580248765, 42.999733580248765, 42.999733580248765, 42.999733580248765, 42.999733580248765, 42.999733580248765, 42.999733580248765, 42.999733580248765, 42.999733580248765, 42.99971345237394, 42.999733580248765, 42.999733580248765, 42.999733580248765, 42.999733580248765, 42.999733580248765, 42.999733580248765, 42.999733580248765, 42.999733580248765, 42.999733580248765]
iterations 81
[42.999733580248765, 42.999733580248765, 42.999733580248765, 42.999733580248765, 42.999733580248765, 42.999733580248765, 42.999733580248765, 42.999733580248765, 42.999733580248765, 42.999733580248765, 42.999733580248765, 42.999733580248765, 42.999733580248765, 42.999733580248765, 42.999733580248765, 42.999733580248765, 42.999733580248765, 42.999733580248765, 42.999733580248765, 42.999733580248765, 42.999733580248765, 42.999733580248765, 42.999733580248765, 42.999733580248765, 42.999733580248765, 42.999733580248765, 42.999733580248765, 42.999733580248765, 42.999733580248765, 42.999733580248765, 42.999733580248765, 42.999733580248765, 42.999733580248765, 42.999733580248765, 42.999733580248765, 42.999733580248765, 42.999733580248765, 42.999733580248765, 42.999733580248765, 42.999733580248765, 42.999733580248765, 42.999733580248765, 42.999733580248765, 42.999733580248765, 42.999733580248765, 42.999733580248765, 42.999733580248765, 42.999733580248765, 42.999733580248765, 42.999733580248765]
iterations 82
[42.999733580248765, 42.999733580248765, 42.999733580248765, 42.999733580248765, 42.999733580248765, 42.999733580248765, 42.999733580248765, 42.999733580248765, 42.999733580248765, 42.999733580248765, 42.999733580248765, 42.999733580248765, 42.999733580248765, 42.999733580248765, 42.999733580248765, 42.999733580248765, 42.999733580248765, 42.999733580248765, 42.999733580248765, 42.999733580248765, 42.999733580248765, 42.999733580248765, 42.999733580248765, 42.999733580248765, 42.999733580248765, 42.999733580248765, 42.999733580248765, 42.999733580248765, 42.999733580248765, 42.999733580248765, 42.999733580248765, 42.999733580248765, 42.999733580248765, 42.999733580248765, 42.999733580248765, 42.999733580248765, 42.999733580248765, 42.999733580248765, 42.999733580248765, 42.999733580248765, 42.999733580248765, 42.999733580248765, 42.999733580248765, 42.999733580248765, 42.999733580248765, 42.999733580248765, 42.999733580248765, 42.999733580248765, 42.999733580248765, 42.999733580248765]
iterations 83
[42.999733580248765, 42.999733580248765, 42.999733580248765, 42.999733580248765, 42.999733580248765, 42.999733580248765, 42.999733580248765, 42.999733580248765, 42.999733580248765, 42.999733580248765, 42.999733580248765, 42.999733580248765, 42.999733580248765, 42.999733580248765, 42.999733580248765, 42.999733580248765, 42.999733580248765, 42.999733580248765, 42.999733580248765, 42.999733580248765, 42.999733580248765, 42.999733580248765, 42.999733580248765, 42.999733580248765, 42.999733580248765, 42.999733580248765, 42.999733580248765, 42.999733580248765, 42.999733580248765, 42.999733580248765, 42.999733580248765, 42.999733580248765, 42.999733580248765, 42.999733580248765, 42.999733580248765, 42.999733580248765, 42.999733580248765, 42.999733580248765, 42.999733580248765, 42.999733580248765, 42.999733580248765, 42.999733580248765, 42.999733580248765, 42.999733580248765, 42.999733580248765, 42.999733580248765, 42.999733580248765, 42.999733580248765, 42.999733580248765, 42.999733580248765]
iterations 84
[42.999733580248765, 42.999733580248765, 42.999733580248765, 42.999733580248765, 42.999733580248765, 42.999733580248765, 42.999733580248765, 42.999733580248765, 42.999733580248765, 42.999733580248765, 42.999733580248765, 42.999733580248765, 42.999733580248765, 42.999733580248765, 42.999733580248765, 42.999733580248765, 42.999733580248765, 42.999733580248765, 42.999733580248765, 42.999733580248765, 42.999733580248765, 42.999733580248765, 42.999733580248765, 42.999733580248765, 42.999733580248765, 42.999733580248765, 42.999733580248765, 42.999733580248765, 42.999733580248765, 42.999733580248765, 42.999733580248765, 42.999733580248765, 42.999733580248765, 42.999733580248765, 42.999733580248765, 42.999733580248765, 42.999733580248765, 42.999733580248765, 42.999733580248765, 42.999733580248765, 42.999733580248765, 42.999733580248765, 42.999733580248765, 42.999733580248765, 42.999733580248765, 42.999733580248765, 42.999733580248765, 42.999733580248765, 42.999733580248765, 42.999733580248765]
iterations 85
[42.999733580248765, 42.999733580248765, 42.999733580248765, 42.999733580248765, 42.999733580248765, 42.999733580248765, 42.999733580248765, 42.999733580248765, 42.999733580248765, 42.999733580248765, 42.999733580248765, 42.999733580248765, 42.999733580248765, 42.999733580248765, 42.999733580248765, 42.999733580248765, 42.999733580248765, 42.999733580248765, 42.999733580248765, 42.999733580248765, 42.999733580248765, 42.999733580248765, 42.999733580248765, 42.999733580248765, 42.999733580248765, 42.999733580248765, 42.999733580248765, 42.999733580248765, 42.999733580248765, 42.999733580248765, 42.999733580248765, 42.999733580248765, 42.999733580248765, 42.999733580248765, 42.999733580248765, 42.999733580248765, 42.999733580248765, 42.999733580248765, 42.999733580248765, 42.999733580248765, 42.999733580248765, 42.999733580248765, 42.999733580248765, 42.999733580248765, 42.999733580248765, 42.999733580248765, 42.999733580248765, 42.999733580248765, 42.999733580248765, 42.999733580248765]
iterations 86
[42.999733580248765, 42.999733580248765, 42.999733580248765, 42.999733580248765, 42.999733580248765, 42.999733580248765, 42.999733580248765, 42.999733580248765, 42.999733580248765, 42.999733580248765, 42.999733580248765, 42.999733580248765, 42.999733580248765, 42.999733580248765, 42.999733580248765, 42.999733580248765, 42.999733580248765, 42.999733580248765, 42.99975579977605, 42.999733580248765, 42.999733580248765, 42.999733580248765, 42.999733580248765, 42.999733580248765, 42.999733580248765, 42.999733580248765, 42.999733580248765, 42.999733580248765, 42.999733580248765, 42.999733580248765, 42.999733580248765, 42.999733580248765, 42.999733580248765, 42.999733580248765, 42.999733580248765, 42.999733580248765, 42.999733580248765, 42.999733580248765, 42.999733580248765, 42.999733580248765, 42.999733580248765, 42.999733580248765, 42.999733580248765, 42.999733580248765, 42.999733580248765, 42.999733580248765, 42.999733580248765, 42.999733580248765, 42.999733580248765, 42.999733580248765]
iterations 87
[42.999733580248765, 42.999733580248765, 42.999733580248765, 42.999733580248765, 42.999733580248765, 42.999733580248765, 42.999733580248765, 42.999733580248765, 42.999733580248765, 42.999733580248765, 42.99975579977605, 42.999733580248765, 42.999733580248765, 42.999733580248765, 42.999733580248765, 42.99975579977605, 42.999733580248765, 42.999733580248765, 42.99975579977605, 42.999733580248765, 42.999733580248765, 42.999733580248765, 42.999733580248765, 42.999733580248765, 42.999733580248765, 42.999733580248765, 42.999733580248765, 42.999733580248765, 42.999733580248765, 42.999733580248765, 42.999733580248765, 42.99975579977605, 42.999733580248765, 42.999733580248765, 42.999733580248765, 42.999733580248765, 42.999733580248765, 42.999733580248765, 42.999733580248765, 42.999733580248765, 42.999733580248765, 42.999733580248765, 42.999733580248765, 42.999733580248765, 42.999733580248765, 42.999733580248765, 42.999733580248765, 42.999733580248765, 42.999733580248765, 42.999733580248765]
iterations 88
[42.999733580248765, 42.999733580248765, 42.999733580248765, 42.999733580248765, 42.99975579977605, 42.999733580248765, 42.999733580248765, 42.999733580248765, 42.999733580248765, 42.999733580248765, 42.99975579977605, 42.999733580248765, 42.999733580248765, 42.999733580248765, 42.999733580248765, 42.99975579977605, 42.999733580248765, 42.99975579977605, 42.99975579977605, 42.999733580248765, 42.999733580248765, 42.999733580248765, 42.999733580248765, 42.99975579977605, 42.999733580248765, 42.999733580248765, 42.999733580248765, 42.999733580248765, 42.999733580248765, 42.999733580248765, 42.999733580248765, 42.99975579977605, 42.999733580248765, 42.999733580248765, 42.99975579977605, 42.999733580248765, 42.999733580248765, 42.999733580248765, 42.999733580248765, 42.999733580248765, 42.999733580248765, 42.999733580248765, 42.999733580248765, 42.999733580248765, 42.999733580248765, 42.999733580248765, 42.999733580248765, 42.999733580248765, 42.999733580248765, 42.99975579977605]
iterations 89
[42.999733580248765, 42.99975579977605, 42.99975579977605, 42.99975579977605, 42.99975579977605, 42.999733580248765, 42.999733580248765, 42.999733580248765, 42.999733580248765, 42.999733580248765, 42.99975579977605, 42.999733580248765, 42.999733580248765, 42.999733580248765, 42.999733580248765, 42.99975579977605, 42.999733580248765, 42.99975579977605, 42.99975579977605, 42.999733580248765, 42.99975579977605, 42.999733580248765, 42.999733580248765, 42.99975579977605, 42.99975579977605, 42.999733580248765, 42.999733580248765, 42.99975579977605, 42.999733580248765, 42.999733580248765, 42.999733580248765, 42.99975579977605, 42.999733580248765, 42.99975579977605, 42.99975579977605, 42.999733580248765, 42.999733580248765, 42.999733580248765, 42.999733580248765, 42.99975579977605, 42.999733580248765, 42.999733580248765, 42.99975579977605, 42.99975579977605, 42.999733580248765, 42.999733580248765, 42.999733580248765, 42.999733580248765, 42.999733580248765, 42.99975579977605]
iterations 90
[42.999733580248765, 42.99975579977605, 42.99975579977605, 42.99975579977605, 42.99975579977605, 42.99975579977605, 42.999733580248765, 42.99975579977605, 42.999733580248765, 42.99975579977605, 42.99975579977605, 42.99975579977605, 42.99975579977605, 42.99975579977605, 42.999733580248765, 42.99975579977605, 42.999733580248765, 42.99975579977605, 42.99975579977605, 42.99975579977605, 42.99975579977605, 42.99975579977605, 42.99975579977605, 42.99975579977605, 42.99975579977605, 42.99975579977605, 42.99975579977605, 42.99975579977605, 42.99975579977605, 42.99975579977605, 42.99975579977605, 42.99975579977605, 42.999733580248765, 42.99975579977605, 42.99975579977605, 42.999733580248765, 42.99975579977605, 42.99975579977605, 42.999733580248765, 42.99975579977605, 42.99975579977605, 42.999733580248765, 42.99975579977605, 42.99975579977605, 42.99975579977605, 42.999733580248765, 42.99975579977605, 42.999733580248765, 42.99975579977605, 42.99975579977605]
iterations 91
[42.99975579977605, 42.99975579977605, 42.99975579977605, 42.99975579977605, 42.99975579977605, 42.99975579977605, 42.99975579977605, 42.99975579977605, 42.99975579977605, 42.99975579977605, 42.99975579977605, 42.99975579977605, 42.99975579977605, 42.99975579977605, 42.99975579977605, 42.99975579977605, 42.99975579977605, 42.99975579977605, 42.99975579977605, 42.99975579977605, 42.99975579977605, 42.99975579977605, 42.99975579977605, 42.99975579977605, 42.99975579977605, 42.99975579977605, 42.99975579977605, 42.99975579977605, 42.99975579977605, 42.99975579977605, 42.99975579977605, 42.99975579977605, 42.99975579977605, 42.99975579977605, 42.99975579977605, 42.99975579977605, 42.99975579977605, 42.99975579977605, 42.99975579977605, 42.99975579977605, 42.99975579977605, 42.999733580248765, 42.99975579977605, 42.99975579977605, 42.99975579977605, 42.999733580248765, 42.99975579977605, 42.99975579977605, 42.99975579977605, 42.99975579977605]
iterations 92
[42.99975579977605, 42.99975579977605, 42.99975579977605, 42.99975579977605, 42.99975579977605, 42.99975579977605, 42.99975579977605, 42.99975579977605, 42.99975579977605, 42.99975579977605, 42.99975579977605, 42.99975579977605, 42.99975579977605, 42.99975579977605, 42.99975579977605, 42.99975579977605, 42.99975579977605, 42.99975579977605, 42.99975579977605, 42.99975579977605, 42.99975579977605, 42.99975579977605, 42.99975579977605, 42.99975579977605, 42.99975579977605, 42.99975579977605, 42.99975579977605, 42.99975579977605, 42.99975579977605, 42.99975579977605, 42.99975579977605, 42.99975579977605, 42.99975579977605, 42.99975579977605, 42.99975579977605, 42.99975579977605, 42.99975579977605, 42.99975579977605, 42.99975579977605, 42.99975579977605, 42.99975579977605, 42.99975579977605, 42.99975579977605, 42.99975579977605, 42.99975579977605, 42.99975579977605, 42.99975579977605, 42.99975579977605, 42.99975579977605, 42.99975579977605]
iterations 93
[42.99975579977605, 42.99975579977605, 42.99975579977605, 42.99975579977605, 42.99975579977605, 42.99975579977605, 42.99975579977605, 42.99975579977605, 42.99975579977605, 42.99975579977605, 42.99975579977605, 42.99975579977605, 42.99975579977605, 42.99975579977605, 42.99975579977605, 42.99975579977605, 42.99975579977605, 42.99975579977605, 42.99975579977605, 42.99975579977605, 42.99975579977605, 42.99975579977605, 42.99975579977605, 42.99975579977605, 42.99975579977605, 42.99975579977605, 42.99975579977605, 42.99975579977605, 42.99975579977605, 42.99975579977605, 42.99975579977605, 42.99975579977605, 42.99975579977605, 42.99975579977605, 42.99975579977605, 42.99975579977605, 42.99975579977605, 42.99975579977605, 42.99975579977605, 42.99975579977605, 42.99975579977605, 42.99975579977605, 42.99975579977605, 42.99975579977605, 42.99975579977605, 42.99975579977605, 42.99975579977605, 42.99975579977605, 42.99975579977605, 42.99975579977605]
iterations 94
[42.99975579977605, 42.99975579977605, 42.99975579977605, 42.99975579977605, 42.99975579977605, 42.99975579977605, 42.99975579977605, 42.99975579977605, 42.99975579977605, 42.99975579977605, 42.99975579977605, 42.99975579977605, 42.99975579977605, 42.99975579977605, 42.99975579977605, 42.99975579977605, 42.99975579977605, 42.99975579977605, 42.99975579977605, 42.99975579977605, 42.99975579977605, 42.99975579977605, 42.99975579977605, 42.99975579977605, 42.99975579977605, 42.99975579977605, 42.99975579977605, 42.99975579977605, 42.99975579977605, 42.99975579977605, 42.99975579977605, 42.99975579977605, 42.99975579977605, 42.99975579977605, 42.99975579977605, 42.99975579977605, 42.99975579977605, 42.99975579977605, 42.99975579977605, 42.99975579977605, 42.99975579977605, 42.99975579977605, 42.99975579977605, 42.99975579977605, 42.99975579977605, 42.99975579977605, 42.99975579977605, 42.99975579977605, 42.99975579977605, 42.99975579977605]
iterations 95
[42.99975579977605, 42.99975579977605, 42.99975579977605, 42.99975579977605, 42.99975579977605, 42.99975579977605, 42.99975579977605, 42.99975579977605, 42.99975579977605, 42.99975579977605, 42.99975579977605, 42.99975579977605, 42.99975579977605, 42.99975579977605, 42.99975579977605, 42.99975579977605, 42.99975579977605, 42.99975579977605, 42.99975579977605, 42.99975579977605, 42.99975579977605, 42.99975579977605, 42.99975579977605, 42.99975579977605, 42.99975579977605, 42.99975579977605, 42.99975579977605, 42.99975579977605, 42.99975579977605, 42.99975579977605, 42.99975579977605, 42.99975579977605, 42.99975579977605, 42.99975579977605, 42.99975579977605, 42.99975579977605, 42.99975579977605, 42.99975579977605, 42.99975579977605, 42.99975579977605, 42.99975579977605, 42.99975579977605, 42.99975579977605, 42.99975579977605, 42.99975579977605, 42.99975579977605, 42.99975579977605, 42.99975579977605, 42.99975579977605, 42.99975579977605]
iterations 96
[42.99975579977605, 42.99975579977605, 42.99975579977605, 42.99975579977605, 42.99975579977605, 42.99975579977605, 42.99975579977605, 42.99975579977605, 42.99975579977605, 42.99975579977605, 42.99975579977605, 42.99975579977605, 42.99975579977605, 42.99975579977605, 42.99975579977605, 42.99975579977605, 42.99975579977605, 42.99975579977605, 42.99975579977605, 42.99975579977605, 42.99975579977605, 42.99975579977605, 42.99975579977605, 42.99975579977605, 42.99975579977605, 42.99975579977605, 42.99975579977605, 42.99975579977605, 42.99975579977605, 42.99975579977605, 42.99975579977605, 42.99975579977605, 42.99975579977605, 42.99975579977605, 42.99975579977605, 42.99975579977605, 42.99975579977605, 42.99975579977605, 42.99975579977605, 42.99975579977605, 42.99975579977605, 42.99975579977605, 42.99975579977605, 42.99975579977605, 42.99975579977605, 42.99975579977605, 42.99975579977605, 42.99975579977605, 42.99975579977605, 42.99975579977605]
iterations 97
[42.99975579977605, 42.99975579977605, 42.99975579977605, 42.99975579977605, 42.99975579977605, 42.99975579977605, 42.99975579977605, 42.99975579977605, 42.99975579977605, 42.99975579977605, 42.99975579977605, 42.99975579977605, 42.99975579977605, 42.99975579977605, 42.99975579977605, 42.99975579977605, 42.99975579977605, 42.99975579977605, 42.99975579977605, 42.99975579977605, 42.99975579977605, 42.99975579977605, 42.99975579977605, 42.99975579977605, 42.99975579977605, 42.99975579977605, 42.99975579977605, 42.99975579977605, 42.99975579977605, 42.99975579977605, 42.99975579977605, 42.99975579977605, 42.99975579977605, 42.99975579977605, 42.99975579977605, 42.99975579977605, 42.99975579977605, 42.99975579977605, 42.99975579977605, 42.99975579977605, 42.99975579977605, 42.99975579977605, 42.99975579977605, 42.99975579977605, 42.99975579977605, 42.99975579977605, 42.99975579977605, 42.99975579977605, 42.99975579977605, 42.99975579977605]
iterations 98
[42.99975579977605, 42.99975579977605, 42.99975579977605, 42.99975579977605, 42.99975579977605, 42.99975579977605, 42.99975579977605, 42.99975579977605, 42.99975579977605, 42.99975579977605, 42.99975579977605, 42.99975579977605, 42.99975579977605, 42.99975579977605, 42.99975579977605, 42.99975579977605, 42.99975579977605, 42.99975579977605, 42.99975579977605, 42.99975579977605, 42.99975579977605, 42.99975579977605, 42.99975579977605, 42.99975579977605, 42.99975579977605, 42.99975579977605, 42.99975579977605, 42.99975579977605, 42.99975579977605, 42.99975579977605, 42.99975579977605, 42.99975579977605, 42.99975579977605, 42.99975579977605, 42.99975579977605, 42.99975579977605, 42.99975579977605, 42.99975579977605, 42.99975579977605, 42.99975579977605, 42.99975579977605, 42.99975579977605, 42.99975579977605, 42.99975579977605, 42.99975579977605, 42.99975579977605, 42.99975579977605, 42.99975579977605, 42.99975579977605, 42.99975579977605]
iterations 99
[42.99975579977605, 42.99975579977605, 42.99975579977605, 42.99975579977605, 42.99975579977605, 42.99975579977605, 42.99975579977605, 42.99975579977605, 42.99975579977605, 42.99975579977605, 42.99975579977605, 42.99975579977605, 42.99975579977605, 42.99975579977605, 42.99975579977605, 42.99975579977605, 42.99975579977605, 42.99975579977605, 42.99975579977605, 42.99975579977605, 42.99975579977605, 42.99975579977605, 42.99975579977605, 42.99975579977605, 42.99975579977605, 42.99975579977605, 42.99975579977605, 42.99975579977605, 42.99975579977605, 42.99975579977605, 42.99975579977605, 42.99975579977605, 42.99975579977605, 42.99975579977605, 42.99975579977605, 42.99975579977605, 42.99975579977605, 42.99975579977605, 42.99975579977605, 42.99975579977605, 42.99975579977605, 42.99975579977605, 42.99975579977605, 42.99975579977605, 42.99975579977605, 42.99975579977605, 42.99975579977605, 42.99975579977605, 42.99975579977605, 42.99975579977605]
iterations 100
[42.99975579977605, 42.99975579977605, 42.99975579977605, 42.99975579977605, 42.99975579977605, 42.99975579977605, 42.99975579977605, 42.99975579977605, 42.99975579977605, 42.99975579977605, 42.99975579977605, 42.99975579977605, 42.99975579977605, 42.99975579977605, 42.99975579977605, 42.99975579977605, 42.99975579977605, 42.99975579977605, 42.99975579977605, 42.99975579977605, 42.99975579977605, 42.99975579977605, 42.99975579977605, 42.99975579977605, 42.99975579977605, 42.99975579977605, 42.99975579977605, 42.99975579977605, 42.99975579977605, 42.99975579977605, 42.99975579977605, 42.99975579977605, 42.99975579977605, 42.99975579977605, 42.99975579977605, 42.99975579977605, 42.99975579977605, 42.99975579977605, 42.99975579977605, 42.99975579977605, 42.99975579977605, 42.99975579977605, 42.99975579977605, 42.99975579977605, 42.99975579977605, 42.99975579977605, 42.99975579977605, 42.99975579977605, 42.99975579977605, 42.99975579977605]
