./data/populationFitness/20191011-3-VQD3.txt
iterations 2
[37.998934763616, 32.99968456981147, 32.998895990772375, 25.999823227100322, 35.999703207645354, 35.99966509777055, 39.99913413091474, 33.99875305218569, 34.99862032319508, 37.999087447659775, 34.99954888405394, 34.99974062971529, 39.999181314534425, 32.99932581775152, 40.99843133042864, 33.99958620708621, 35.999232772591384, 34.998894410610106, 27.999624042046445, 40.9993235128656, 31.99966914843844, 33.99943355479579, 30.99986898628575, 36.99950467728002, 34.999594087135556, 41.99958240705942, 34.99980213155497, 38.9992111120351, 39.99953759691985, 32.999620749242716]
iterations 3
[39.998920015812296, 32.99968456981147, 34.99950729513208, 33.99931323175828, 35.999703207645354, 35.99966509777055, 39.99913413091474, 33.99875305218569, 39.99924921500494, 37.999087447659775, 38.99925841242678, 36.9972798458616, 39.999325931958, 35.999586532243484, 40.99843133042864, 36.99950285620138, 35.999232772591384, 38.99946362134073, 29.99970977604669, 41.99964882867736, 38.999570050528924, 38.9992287446802, 35.99918368915012, 38.999620735379104, 36.99916487598035, 41.99958240705942, 39.998441473726935, 38.9992111120351, 39.99953759691985, 41.99955402356185]
iterations 4
[41.99976205896936, 41.999452331192614, 39.999291502341066, 39.999239348319016, 41.99958240705942, 36.99914839654329, 42.99942173810432, 36.99944266567793, 39.99924921500494, 39.9995582242721, 39.998441473726935, 39.998920015812296, 39.999325931958, 39.99843248280895, 41.9994212763179, 36.99950285620138, 37.99925787535433, 39.99922928175265, 40.99896478131814, 41.99964882867736, 38.999570050528924, 38.999636030718214, 37.9990236136207, 40.99674083514338, 38.999759043849515, 41.99958240705942, 41.9996143516861, 38.9992111120351, 39.99953759691985, 41.99955402356185]
iterations 5
[41.99976205896936, 41.999452331192614, 40.998917136581746, 40.99673901707633, 41.99958240705942, 38.99959616871918, 42.99942173810432, 41.999435581874806, 41.99944862941415, 41.9992485593376, 39.998441473726935, 39.99931201141534, 42.999429394124675, 41.99955746463888, 41.9994212763179, 39.99896806958503, 42.99959263664041, 39.99922928175265, 40.99896478131814, 41.99964882867736, 39.99953759691985, 39.99953759691985, 44.99941065753007, 40.99674083514338, 43.99944671160403, 42.99942232902474, 41.9996143516861, 41.99964882867736, 41.99964882867736, 41.99964882867736]
iterations 6
[42.9989156559094, 41.999452331192614, 43.99946980633674, 41.99954003537931, 41.99958240705942, 40.999450154287416, 42.999429394124675, 42.999429394124675, 42.99942939413972, 41.9992485593376, 42.999429394124675, 42.99942173810432, 42.999429394124675, 41.99955746463888, 41.9994212763179, 39.99947308058995, 42.99959263664041, 41.99976205896936, 41.99972468363243, 42.99923541088027, 39.99953759691985, 41.99961583157211, 44.99941065753007, 40.99674083514338, 43.99944671160403, 42.99942232902474, 43.99944628743182, 43.99944671160403, 41.99964882867736, 41.99964882867736]
iterations 7
[42.9989156559094, 43.99944628743182, 44.99937379987405, 41.99954003537931, 41.99958240705942, 41.99959476226664, 42.999429394124675, 42.99954170467026, 42.99942939413972, 42.99959263664041, 43.99944671160403, 43.99944628743182, 44.999062307785216, 41.99955746463888, 42.9992424759802, 41.99975916062369, 42.99959263664041, 41.99976205896936, 41.99974213858314, 42.99923541088027, 42.999429394124675, 42.99942173810432, 44.99941065753007, 41.99958240705942, 43.99944671160403, 42.999429394124675, 44.99925175258158, 44.99958275540453, 41.99964882867736, 44.999375733617136]
iterations 8
[42.9989156559094, 43.99944628743182, 44.99937379987405, 44.99925270286463, 42.999440521840285, 42.999764926215235, 44.99945058453246, 42.99954170467026, 44.999375733617136, 42.99959263664041, 44.99928643123984, 43.99944628743182, 44.999062307785216, 43.99941211409958, 43.999496871304984, 42.999502931980665, 42.99959263664041, 44.999375733617136, 44.999062307785216, 44.999347190418746, 42.999429394124675, 43.99958423663436, 44.99941065753007, 42.99925950863684, 43.99944671160403, 44.99925175258158, 44.99925175258158, 44.99958275540453, 44.99937379987405, 44.999375733617136]
iterations 9
[42.9989156559094, 43.99944628743182, 44.999375733617136, 44.999375733617136, 43.99944756938317, 42.999764926215235, 46.99915689685079, 42.99954170467026, 44.999375733617136, 44.99925175258158, 44.99928643123984, 44.99934719051779, 44.999062307785216, 43.99941211409958, 44.999347190418746, 43.999496871304984, 45.99937286092573, 44.999375733617136, 44.99925175258158, 44.999347190418746, 42.999429394124675, 44.999128237223196, 44.99941065753007, 44.99935238983202, 43.99944671160403, 46.99937478322114, 44.99925175258158, 44.99958275540453, 45.999375616365384, 44.999375733617136]
iterations 10
[44.999128237223196, 45.999375616365384, 45.999375616365384, 44.999375733617136, 45.999375611151294, 44.99928643645392, 46.99915689685079, 46.99948636127011, 44.999375733617136, 44.99925175258158, 44.99928643123984, 44.99934719051779, 44.99925175258158, 46.99914404764707, 44.999347190418746, 44.999261719539135, 45.99937286092573, 44.999375733617136, 44.99958275536731, 44.999347190418746, 44.99925175258158, 46.99915689685079, 45.999368763175895, 44.999375733617136, 43.99944671160403, 46.99937478322114, 44.99925175258158, 44.99958275540453, 45.999375616365384, 44.999375733617136]
iterations 11
[45.999169152694506, 47.999461256222666, 45.999375616365384, 44.999375733617136, 45.999375611151294, 44.999347190418746, 46.99915689685079, 46.99948636127011, 44.999375733617136, 44.999375733617136, 44.99957877712127, 44.99934719051779, 46.999374706499346, 47.999062081919135, 44.999347190418746, 44.999375733617136, 46.9991568683719, 46.99937471023912, 48.999319896223334, 48.999079744460666, 44.999375733617136, 46.99915689685079, 45.999368763175895, 46.99940876410167, 44.999375733617136, 46.99937478322114, 44.99925175258158, 45.99935995122188, 45.999375616365384, 45.999376318234376]
iterations 12
[45.999169152694506, 47.999461256222666, 45.999375616365384, 44.999375733617136, 45.99948781786083, 44.999418523021205, 46.999269207528535, 46.99948636127011, 47.9990753555873, 44.999375733617136, 46.99940876410167, 46.99940876410167, 46.999374706499346, 47.999062081919135, 45.999383115946614, 44.999375733617136, 46.99948636127011, 46.99948636127011, 48.999319896223334, 48.99936684732388, 44.999375733617136, 46.99915689685079, 45.999368763175895, 46.99940876410167, 48.999318592081636, 47.999252153930456, 45.99918539925086, 46.99940869448293, 45.999375616365384, 47.99932718652214]
iterations 13
[48.9993223261732, 48.999315875655505, 46.999404895568524, 45.99938642796547, 46.999486239814935, 46.99940888555685, 48.999054505070426, 46.99948636127011, 47.9990753555873, 46.99940870134021, 48.999367157029205, 47.99946040110772, 48.99932289792331, 48.999315282752065, 45.999383115946614, 46.999374534465574, 47.9990753555873, 46.99948636127011, 48.999319896223334, 48.99936684732388, 48.99931859206215, 48.99931921566407, 47.9990753555873, 46.99940876410167, 48.999318592081636, 47.999252153930456, 46.99940876410167, 48.99936684732388, 46.99937469636651, 47.99932718652214]
iterations 14
[48.99936687233261, 48.999318567053415, 46.99948578253032, 48.99931586149186, 48.9993223261732, 46.99948636127011, 48.99931857640098, 48.999317159574346, 47.999460969331885, 47.999343984000376, 48.999367157029205, 48.999367157029205, 48.999367201695684, 48.99931853494899, 48.99931954737755, 48.9993666626251, 48.9992976258071, 49.998982706521126, 48.99936692465182, 48.99936684732388, 48.99931859206215, 48.99932003950946, 47.99925215914455, 47.99907535037322, 48.99936684732561, 47.999252153930456, 46.99940876410167, 48.99936684732388, 48.999315282752065, 48.99931859206215]
iterations 15
[48.999367191866554, 48.99936684351058, 48.99931859206213, 48.99936666262512, 48.9993223261732, 48.9992976258071, 48.99931857640098, 48.999317159574346, 47.999460969331885, 48.999054505070426, 48.999367157029205, 48.999367157029205, 48.999367201695684, 48.99931853494899, 48.99931954737755, 49.99897774689332, 48.99932036531263, 49.998982706521126, 48.99936692465182, 48.99936684732388, 48.99936685708351, 48.99932003950946, 47.99926542759842, 48.999355072507264, 48.99936706473619, 47.999252153930456, 48.99936674371007, 48.999367318902316, 48.999318568673544, 48.99931859206215]
iterations 16
[48.999367191866554, 48.99936684351058, 48.99931890776195, 48.99936666262512, 48.9993223261732, 48.9992976258071, 48.99936611396532, 48.999317159574346, 49.998982706521126, 48.99936692465182, 48.999367157029205, 48.999367157029205, 49.998981999550054, 48.99936779257419, 49.99898270652091, 49.99897774689332, 48.99936692465182, 49.998982706521126, 48.99936715702917, 48.999367318650926, 48.999367163216235, 48.99936682673367, 49.998880667681874, 48.999355072507264, 48.99936721805083, 48.99931856824386, 48.99936674371007, 48.999367318902316, 48.99936717308864, 48.99931859206215]
iterations 17
[48.999367191866554, 48.99936717302575, 48.99936674260282, 48.99936666262512, 48.999366867538654, 48.999367201695684, 48.99936719126615, 48.999367156617794, 49.998982706521126, 48.99936692465182, 49.998982706521126, 49.998880667681874, 49.998981999550054, 49.998982706521126, 50.99898381047929, 49.99897774689332, 49.998880667681874, 49.998982706521126, 49.99901916633088, 48.999367318650926, 48.999367163216235, 49.99887996071031, 49.998880667681874, 49.998982706521126, 48.99936721805083, 48.999366843510764, 48.999367173340055, 48.999367318902316, 48.99936728776721, 48.99936666262509]
iterations 18
[48.999367191866554, 49.998982706521126, 49.99893226964323, 48.99936692465182, 48.999366867538654, 49.99896718463212, 49.99897774689332, 48.999367156617794, 49.998982706521126, 48.999367318650926, 49.998982706521126, 49.998880667681874, 49.998981999550054, 49.998982706521126, 50.99898381047929, 49.998982706521126, 49.998880667681874, 49.998982706521126, 49.99901916633088, 49.998982706521126, 49.998977746893104, 49.99887996071031, 49.9989827065211, 49.998982706521126, 48.99936721805083, 48.999366843510764, 48.999367173340055, 49.99888071054308, 48.99936728776721, 48.99936717295175]
iterations 19
[49.998982706521126, 49.998982706521126, 49.998982706521126, 49.99893226964323, 49.99902788995341, 49.99896718463212, 49.99897774689332, 48.999367156617794, 49.998982706521126, 49.99888071054308, 49.99898270657228, 49.99897774689332, 49.998981999550054, 49.998982706521126, 50.99898381047929, 49.998982706521126, 49.99901916633088, 49.998982706521126, 49.99901916633088, 49.99901916633088, 49.998977746893104, 49.99887996071031, 49.9989827065211, 49.998982706521126, 49.9989827065211, 49.99888071054308, 49.99893226964323, 49.998982706521126, 49.998981999550054, 49.998982706521126]
iterations 20
[49.998982706521126, 49.998982706521126, 49.998982706521126, 49.998982706521126, 50.99898381047929, 50.99898381047929, 49.99897774689332, 49.99901916638225, 49.998982706521126, 50.99898381047929, 49.99898270657228, 49.99897774689332, 49.998982706521126, 49.998982706521126, 50.99898381047929, 49.998982706521126, 49.99901916633088, 49.998982706521126, 49.99901916633088, 49.99901916633088, 49.998982706521126, 49.998982706521126, 49.9989827065211, 49.998982706521126, 49.9989827065211, 49.99901916633088, 50.99898381047929, 49.99901916633088, 49.998982706521126, 49.99901916633088]
iterations 21
[49.998982706521126, 49.99898270657228, 50.99898381047929, 50.99898381047929, 50.99898381047929, 50.99898381047929, 49.998982706521126, 49.99901916638225, 49.998982706521126, 50.99898381047929, 49.99901916633088, 50.99898381047929, 49.99901916633088, 49.99901916638225, 50.99898381047929, 49.998982706521126, 49.99901916633088, 49.998982706521126, 49.99901916633088, 50.99898381047929, 49.998982706521126, 50.99898381047929, 49.9989827065211, 50.99898381047929, 49.998982706521126, 49.99901916633088, 50.99898381047929, 49.99901916633088, 50.99898381047929, 50.99898381047929]
iterations 22
[50.99898381047929, 49.99901916633088, 50.99898381047929, 50.99898381047929, 50.99898381047929, 50.99898381047929, 50.99898381047929, 49.99901916638225, 50.99898381047929, 50.99898381047929, 50.99898381047929, 50.99898381047929, 50.99898381047929, 49.99901916638225, 50.99898381047929, 49.99901916633088, 50.99898381047929, 50.99898381047929, 50.99898381047929, 50.99898381047929, 49.99901916633088, 50.99898381047929, 50.998983810479075, 50.99898381047929, 49.998982706521126, 50.99902027028926, 50.99898381047929, 50.99898381047929, 50.99898381047929, 50.99898381047929]
iterations 23
[50.99898381047929, 50.998983810479075, 50.99902027028926, 50.99898381047929, 50.99898381047929, 50.99902027028926, 50.99898381047929, 50.99898381047929, 50.99898381047929, 50.99898381047929, 50.99898381047929, 50.99898381047929, 50.99898381047929, 50.99898381047929, 50.99898381047929, 50.99898381047929, 50.999022364561135, 50.99898381047929, 50.99898381047929, 50.99898381047929, 50.99898381047929, 50.99898381047929, 50.998983810479075, 50.99898381047929, 50.99898381047929, 50.99902027028926, 50.99898381047929, 50.99898381047929, 50.99898381047929, 50.99898381047929]
iterations 24
[50.999022364561135, 50.998983810479075, 50.99902027028926, 50.99898381047929, 50.99898381047929, 50.99902027028926, 50.999022364561135, 50.99898381047929, 50.99898381047929, 50.99898381047929, 50.99902027028926, 50.99898381047929, 50.99898381047929, 50.99898381047929, 50.99902027028926, 50.99898381047929, 50.999022364561135, 50.99898381047929, 50.99898381047929, 50.99898381047929, 50.99898381047929, 50.99902027028926, 50.99898381047929, 50.99898381047929, 50.99902027028926, 50.99902027028926, 50.99902027028926, 50.99898381047929, 50.99898381047929, 50.999022364561135]
iterations 25
[50.999022364561135, 50.99902027028926, 50.99902027028926, 50.99898381047929, 50.99902027028926, 50.99902027028926, 50.999022364561135, 50.99902027028926, 50.99902027028926, 50.99902027028926, 50.99902027028926, 50.99902027028926, 50.99902027028926, 50.99902027028926, 50.99902027028926, 50.99900900423446, 50.999022364561135, 50.99902027028926, 50.999022364561135, 50.99898381047929, 50.999022364561135, 50.99902027028926, 50.99902027028926, 50.99898381047929, 50.999022364561135, 50.99902027028926, 50.99902027028926, 50.99902027028926, 50.99901603936248, 50.999022364561135]
iterations 26
[50.999022364561135, 50.999022364561135, 50.99902027028926, 50.99902027028926, 50.99902027028926, 50.99902027028926, 50.999022364561135, 50.999022364561135, 50.99902027028926, 50.999022364561135, 50.999022364561135, 50.99902027028926, 50.99902027028926, 50.99902027028926, 50.99902027028926, 50.999022364561135, 50.999022364561135, 50.99902027028926, 50.999022364561135, 50.99902027028926, 50.999022364561135, 50.99902027028926, 50.99902027028926, 50.99902027028926, 50.999022364561135, 50.999022364561135, 50.99902027028926, 50.99902027028926, 50.99902027028926, 50.999022364561135]
iterations 27
[50.999022364561135, 50.999022364561135, 50.999022364561135, 50.99902027028926, 50.99902027028926, 50.999022364561135, 50.999022364561135, 50.999022364561135, 50.999022364561135, 50.999022364561135, 50.99915639757785, 50.99902027028926, 50.999022364561135, 50.999022364561135, 50.999022364561135, 50.999022364561135, 50.999022364561135, 50.999022364561135, 50.999022364561135, 50.99902027028926, 50.999022364561135, 50.99902027028926, 50.99902027028926, 50.999022364561135, 50.999022364561135, 50.999022364561135, 50.999022364561135, 50.999022364561135, 50.999022364561135, 50.999022364561135]
iterations 28
[50.999022364561135, 50.999022364561135, 50.999022364561135, 50.999022364561135, 50.999022364561135, 50.99915639757785, 50.999022364561135, 50.999022364561135, 50.999022364561135, 50.99915639757785, 50.99915639757785, 50.999022364561135, 50.999022364561135, 50.999022364561135, 50.999022364561135, 50.999022364561135, 50.999022364561135, 50.999022364561135, 50.999022364561135, 50.999022364561135, 50.999022364561135, 50.999022364561135, 50.999022364561135, 50.999022364561135, 50.999022364561135, 50.999022364561135, 50.999022364561135, 50.999022364561135, 50.999022364561135, 50.999022364561135]
iterations 29
[50.999022364561135, 50.999022364561135, 50.999022364561135, 50.999022364561135, 50.999022364561135, 50.99915639757785, 50.999022364561135, 50.999022364561135, 50.99915639757785, 50.99915639757785, 50.99915639757785, 50.999022364561135, 50.999022364561135, 50.999022364561135, 50.999022364561135, 50.999022364561135, 50.999022364561135, 50.999022364561135, 50.999022364561135, 50.999022364561135, 50.999022364561135, 50.999022364561135, 50.999022364561135, 50.999022364561135, 50.999022364561135, 50.999022364561135, 50.999022364561135, 50.99903373139419, 50.999022364561135, 50.999022364561135]
