./data/populationFitness/20190923-2-VQD2.txt
iterations 1
[5.118963253688603e-26, 6.5185898218309016e-24, 1.1576371413806047e-23, 1.660856152484138e-24, 2.1629971692810926e-22, 2.8046393157437314e-23, 5.453341476938341e-31, 1.5622930676140968e-20, 3.916155397417401e-24, 9.484561752832966e-24, 2.4103570240167947e-27, 1.1858898895517807e-28, 4.384539165046168e-18, 3.4996878919238097e-25, 8.376840010867274e-27, 1.2874293227503766e-16, 1.2176842499185842e-26, 4.51127320764787e-27, 6.508288930118506e-32, 1.1328067024766e-19, 1.2933902912268728e-31, 9.574677902747035e-23, 2.2012371423032823e-29, 6.5414092409156566e-24, 7.50918625902344e-25, 2.575986481425963e-25, 8.484846415424104e-20, 5.117998289823446e-18, 1.114940072616611e-18, 2.010521110354368e-21]
iterations 2
[8.686581586471119e-20, 6.5185898218309016e-24, 1.1576371413806047e-23, 9.617160327945844e-18, 2.1629971692810926e-22, 2.8046393157437314e-23, 8.000550115148918e-24, 1.5622930676140968e-20, 3.916155397417401e-24, 1.1238076121949246e-22, 2.4103570240167947e-27, 1.1858898895517807e-28, 4.384539165046168e-18, 3.4996878919238097e-25, 8.376840010867274e-27, 1.2874293227503766e-16, 1.2176842499185842e-26, 4.51127320764787e-27, 4.849003669471318e-27, 1.1328067024766e-19, 1.5842165826912086e-23, 9.574677902747035e-23, 8.849966703647965e-25, 6.5414092409156566e-24, 8.48575048977361e-15, 2.575986481425963e-25, 8.484846415424104e-20, 5.117998289823446e-18, 1.114940072616611e-18, 2.010521110354368e-21]
iterations 3
[8.686581586471119e-20, 6.5185898218309016e-24, 1.8083418289630627e-22, 9.617160327945844e-18, 2.1629971692810926e-22, 1.068594447700064e-19, 2.1287334873905865e-22, 1.5622930676140968e-20, 1.287431197052736e-16, 1.1238076121949246e-22, 2.4103570240167947e-27, 8.472588133151766e-15, 4.384539165046168e-18, 1.559162627179193e-20, 5.780475792436381e-25, 1.2874293227503766e-16, 1.2176842499185842e-26, 4.8248590409277136e-27, 7.674975032728783e-24, 1.1328067024766e-19, 2.8143647221035364e-14, 9.574677902747035e-23, 8.429351768614079e-20, 6.5414092409156566e-24, 8.48575048977361e-15, 2.575986481425963e-25, 8.484846415424104e-20, 5.117998289823446e-18, 1.114940072616611e-18, 2.010521110354368e-21]
iterations 4
[8.686581586471119e-20, 8.485750471787887e-15, 1.2207234767381763e-14, 9.617160327945844e-18, 2.1629971692810926e-22, 1.068594447700064e-19, 1.500500511790986e-15, 1.5790864045893647e-20, 1.287431197052736e-16, 1.1238076121949246e-22, 8.13798962493497e-20, 8.472588133151766e-15, 1.852024039633276e-15, 1.559162627179193e-20, 7.085293080556187e-24, 1.2874293227503766e-16, 1.3463453567376754e-24, 7.490545523479772e-24, 1.4781119158948765e-19, 1.1328067024766e-19, 2.8143647221035364e-14, 5.348514203698276e-19, 8.429351768614079e-20, 5.369945036556458e-23, 2.8142895570556855e-14, 3.556799837588251e-20, 1.2874312429888299e-16, 5.117998289823446e-18, 1.114940072616611e-18, 4.388365832500637e-18]
iterations 5
[8.686581586471119e-20, 8.485750471787887e-15, 1.2207234767381763e-14, 9.617160327945844e-18, 8.64716736439281e-21, 6.652661147067722e-16, 1.500500511790986e-15, 1.5790864045893647e-20, 1.287431197052736e-16, 8.569978549603813e-19, 2.8142375930374088e-14, 8.472588133151766e-15, 1.852024039633276e-15, 3.131863004849422e-20, 2.010974856486865e-15, 1.2874293227503766e-16, 1.8216786301178687e-24, 1.2794799672381622e-14, 1.4781119158948765e-19, 1.1328067024766e-19, 2.8143647221035364e-14, 1.2580811653736982e-17, 1.8525915641254283e-15, 8.686537998591471e-20, 2.8142895570556855e-14, 8.634577287227109e-20, 1.2874312429888299e-16, 8.471586765216317e-15, 8.472533463059815e-15, 8.485750456406125e-15]
iterations 6
[1.478370663479954e-19, 8.485750471787887e-15, 1.2207234767381763e-14, 8.470956313313737e-15, 2.814287263498568e-14, 1.4956465045777277e-15, 1.500500511790986e-15, 1.2204506260376832e-14, 2.658508073706054e-14, 5.951614733071637e-16, 2.8142375930374088e-14, 8.485750456406125e-15, 2.010974856486865e-15, 3.1785312313187405e-15, 8.472591446692863e-15, 1.2874293227503766e-16, 2.8142895568387857e-14, 1.2794799672381622e-14, 1.2207234767381763e-14, 2.8142895570556855e-14, 2.8143647221035364e-14, 8.472531951153865e-15, 1.8525915641254283e-15, 8.914623341758915e-19, 2.8142895570556855e-14, 8.634577287227109e-20, 1.8520231737866786e-15, 8.471586765216317e-15, 8.472533463059815e-15, 8.485750456406125e-15]
iterations 7
[1.7021967341770496e-14, 2.6375773654919916e-14, 1.2207234767381763e-14, 8.470956313313737e-15, 2.814287263498568e-14, 2.734727997960384e-14, 2.010975303638706e-15, 1.2204506260376832e-14, 2.658508073706054e-14, 1.8520231737866786e-15, 2.8142895570556855e-14, 8.485750456406125e-15, 8.459943218724358e-15, 1.2207057764576126e-14, 8.485750471787887e-15, 1.2794799672381622e-14, 2.8142895568387857e-14, 1.2794799672381622e-14, 1.2207234767381763e-14, 2.8142895570556855e-14, 2.8143647221035364e-14, 8.472531951153865e-15, 8.471382794429321e-15, 8.485750456406125e-15, 2.8142895570556855e-14, 8.4721974203374e-15, 8.471352477966962e-15, 2.6310449415672076e-12, 8.472533463059815e-15, 2.8142872656397402e-14]
iterations 8
[2.6310449415672076e-12, 2.6310449415672076e-12, 4.051290291278528e-12, 8.470956313313737e-15, 2.814287263498568e-14, 2.734727997960384e-14, 8.471382794429321e-15, 1.2204506260376832e-14, 2.658508073706054e-14, 8.461121397361017e-15, 2.8142895570556855e-14, 1.2263835204294652e-14, 8.47253159946174e-15, 1.2207057764576126e-14, 8.485750471787887e-15, 2.6253736721394325e-14, 2.8142895568387857e-14, 1.2794799672381622e-14, 1.2207234767381763e-14, 2.8142895570556855e-14, 2.8143647221035364e-14, 1.7021967341770446e-14, 8.471382794429321e-15, 8.485750456406125e-15, 2.8142895570556855e-14, 8.4721974203374e-15, 2.8142895568388194e-14, 2.6310449415672076e-12, 8.472533463059815e-15, 2.8142872656397402e-14]
iterations 9
[2.6310449415672076e-12, 2.6310449415672076e-12, 4.051290291278528e-12, 2.8164271470978307e-14, 2.8142895568386708e-14, 2.734727997960384e-14, 1.4155488628057168e-14, 1.6894386642711375e-14, 2.6310888842315033e-12, 1.2204081676076173e-14, 2.8145416325151855e-14, 1.2263835204294652e-14, 8.47253159946174e-15, 2.8142895568388112e-14, 1.2204506260376832e-14, 2.6253736721394325e-14, 2.8142895568387857e-14, 1.2794799672381622e-14, 2.7123789224533045e-14, 2.6469553259036754e-12, 2.8143647221035364e-14, 1.7021967341770446e-14, 8.471382794429321e-15, 1.2207057764576115e-14, 2.8142895570556855e-14, 2.814289557058404e-14, 2.8142895568388194e-14, 2.6310449415672076e-12, 2.8142895570048526e-14, 2.8142872656397402e-14]
iterations 10
[2.6310449415672076e-12, 2.6310449415672076e-12, 4.051290291278528e-12, 2.8164271470978307e-14, 2.8142895568386708e-14, 2.6310449415672076e-12, 2.6310449415672076e-12, 2.51717741220377e-12, 2.6310888842315033e-12, 2.6310449415672076e-12, 2.6324060008792653e-12, 1.4274041030590414e-14, 1.2672776108542412e-14, 2.8142895568388112e-14, 1.2204506260376832e-14, 2.6253736721394325e-14, 2.8142895568387857e-14, 2.6310449415672076e-12, 2.6469553259036754e-12, 2.6469553259036754e-12, 2.8143647221035364e-14, 1.7021967341770446e-14, 8.472531547939351e-15, 1.2207057764576115e-14, 1.0938837392893019e-13, 2.8142901362529292e-14, 2.6270982117603072e-12, 2.6310449415672076e-12, 2.8142895570048526e-14, 2.6310449415672076e-12]
iterations 11
[2.6310449415672076e-12, 2.6310449415672076e-12, 4.051290291278528e-12, 2.8164271470978307e-14, 2.6310449415672076e-12, 2.6310449415672076e-12, 2.6310449415672076e-12, 2.51717741220377e-12, 2.6310888842315033e-12, 2.6310449415672076e-12, 2.6324060008792653e-12, 2.6310449415672076e-12, 2.6310449415672076e-12, 2.6310449415672076e-12, 1.2204506260376832e-14, 2.6310449415776273e-12, 2.6270982117603072e-12, 2.6310449415672076e-12, 2.6469553259036754e-12, 2.6469553259036754e-12, 2.8143647221035364e-14, 1.7021967341770446e-14, 2.6429847295382416e-12, 2.6310449415672068e-12, 2.2660859772542772e-09, 2.8142901362529292e-14, 2.6270982117603072e-12, 2.6310449415672076e-12, 2.6469553259036754e-12, 2.6310449415672076e-12]
iterations 12
[4.051290291278528e-12, 2.6310449415672076e-12, 4.051290291278528e-12, 2.6310449415672076e-12, 2.6310449415672076e-12, 2.6429847295382416e-12, 2.6310449415672076e-12, 2.6320712973482573e-12, 2.6310888842315033e-12, 2.6310449415672076e-12, 2.6324060008792653e-12, 2.6310449415672076e-12, 2.6310449415672076e-12, 2.2660859772542772e-09, 2.6429847295382416e-12, 2.6310449415776273e-12, 2.6310895154656283e-12, 2.6310449415672076e-12, 2.6469553259036754e-12, 2.2660859772542772e-09, 2.6310888842315033e-12, 2.6310449415672076e-12, 2.6429847295382416e-12, 2.6310449415672076e-12, 2.2660859772542772e-09, 2.6310449415672076e-12, 2.6469572227012763e-12, 2.6310449415672076e-12, 4.0696752098826e-12, 2.6310449415672076e-12]
iterations 13
[4.051290291278528e-12, 2.6310449415672076e-12, 4.051290291278528e-12, 2.632352739551324e-12, 2.6310449415672076e-12, 2.6429847295382416e-12, 2.6310449415672076e-12, 2.6320712973482573e-12, 2.6310888842315033e-12, 2.6310449415672076e-12, 2.6324060008792653e-12, 2.6310895154656283e-12, 2.2660859772542772e-09, 2.2660859772542772e-09, 2.2660859772542772e-09, 2.6429847295382416e-12, 2.6310895154656283e-12, 1.6707211492103678e-09, 4.051290291278528e-12, 2.2660859772542772e-09, 2.2660859772542772e-09, 2.6310449415672076e-12, 2.6429847295382416e-12, 2.6310449415672076e-12, 2.2660859772542772e-09, 2.6310449415672076e-12, 2.6469572227012763e-12, 4.051290291278528e-12, 4.0696752098826e-12, 2.6324060008792653e-12]
iterations 14
[4.051290291278528e-12, 2.6310449415672076e-12, 4.051290291278528e-12, 2.266085977254278e-09, 2.632352739551324e-12, 2.6429847295382416e-12, 2.6320712973482573e-12, 2.6320712973482573e-12, 4.051290291278528e-12, 2.2660859772542772e-09, 2.6324060008792653e-12, 2.266083855726294e-09, 2.2660859772542772e-09, 2.2660859772542772e-09, 2.2660859772542772e-09, 1.6707211492103678e-09, 2.6320712973482573e-12, 1.6707211492103678e-09, 4.051290291278528e-12, 2.2660859772542772e-09, 3.4895033868040417e-09, 2.6310449415675347e-12, 2.6429847295382416e-12, 2.2660859772542776e-09, 2.2660859772542772e-09, 4.051290291278528e-12, 4.051290291278529e-12, 4.051290291278528e-12, 4.0696752098826e-12, 2.6324060008792653e-12]
iterations 15
[4.051290291278528e-12, 2.6320712973482573e-12, 4.051290291278528e-12, 2.266085977254278e-09, 4.051290291278528e-12, 4.051290291278528e-12, 2.2660859772542772e-09, 1.6707211492103678e-09, 7.082802157355383e-11, 2.2660859772542772e-09, 4.051290291278528e-12, 2.266083855726294e-09, 2.2660859772542772e-09, 2.2660859772542776e-09, 2.2660859772542772e-09, 2.1679709623954663e-09, 2.632352739551324e-12, 2.2660859772542772e-09, 4.051290291278528e-12, 2.2660859772542772e-09, 3.4895033868040417e-09, 4.051290291278528e-12, 2.976677406754135e-09, 2.2660859772542776e-09, 2.2660859772542772e-09, 2.266083855726294e-09, 4.051290291278529e-12, 4.051290291278528e-12, 4.0696752098826e-12, 2.6324060008792653e-12]
iterations 16
[2.2660859772542784e-09, 4.0512902912769345e-12, 2.2660859772542784e-09, 2.266085977254278e-09, 4.051290291278528e-12, 4.051290291278528e-12, 2.2661682596662785e-09, 1.6707211492103678e-09, 2.2660859772542772e-09, 2.2762246698901067e-09, 4.051290291278529e-12, 3.4895033868040417e-09, 3.4895033868040417e-09, 2.2660859772542776e-09, 2.2660859772542772e-09, 2.1679709623954663e-09, 4.051290291278528e-12, 2.2660859772542772e-09, 4.051290291278528e-12, 2.2660859772542772e-09, 3.4895033868040417e-09, 4.051290291278528e-12, 2.976677406754135e-09, 2.2660859772542776e-09, 2.266085977254279e-09, 2.266083855726294e-09, 2.2660859772542772e-09, 2.2660859772542772e-09, 2.266480154340675e-09, 2.2660859772542772e-09]
iterations 17
[2.2660859772542784e-09, 2.2660859772542772e-09, 2.2660859772542784e-09, 2.266085977254278e-09, 2.2660859772542772e-09, 2.266085977254279e-09, 2.2661682596662785e-09, 1.6707211492103678e-09, 2.2660859772542776e-09, 2.2762246698901067e-09, 2.2660859772542776e-09, 3.4895033868040417e-09, 3.4895033868040417e-09, 2.2660859772542784e-09, 2.2660859772542772e-09, 2.2660859772542784e-09, 1.4589334117904487e-09, 2.2660859772542772e-09, 2.266480154340675e-09, 2.2660859772542772e-09, 3.4895033868040417e-09, 2.2660859772542797e-09, 2.976677406754135e-09, 2.2660859772542776e-09, 2.266085977254279e-09, 2.266083855726294e-09, 2.2660859772542772e-09, 2.266085977254279e-09, 2.266480154340675e-09, 2.2660859772542772e-09]
iterations 18
[1.0338304693792293e-05, 2.266085977254279e-09, 7.933595403271015e-09, 2.2660859772542784e-09, 2.266480154340675e-09, 2.266085977254279e-09, 2.2661682596662785e-09, 2.2660859772542772e-09, 3.4895033868040417e-09, 2.2762246698901067e-09, 2.2660859772542776e-09, 3.4895033868040417e-09, 3.4895033868040417e-09, 2.2660859772542784e-09, 2.266085977254278e-09, 2.2660859772542784e-09, 2.2661682596662785e-09, 2.2660859772542797e-09, 2.266480154340675e-09, 2.2660859772542772e-09, 3.4895033868040417e-09, 3.4895033868040417e-09, 2.976677406754135e-09, 2.2660859772542776e-09, 2.266085977254279e-09, 2.2660859772542776e-09, 2.266480154340675e-09, 2.266085977254279e-09, 2.266480154340675e-09, 2.266085977254279e-09]
iterations 19
[1.0338304693792293e-05, 2.266085977254279e-09, 7.933595403271015e-09, 1.0338304693792293e-05, 2.2762246698901067e-09, 2.266085977254279e-09, 2.2661682596662785e-09, 2.266085977254279e-09, 8.639336721953918e-09, 2.2762246698901067e-09, 2.266085977254279e-09, 3.4895033868040417e-09, 3.4895033868040417e-09, 2.2660859772542784e-09, 1.0338304693792293e-05, 3.489503386804042e-09, 2.266489330408934e-09, 2.2660859772542797e-09, 2.266480154340675e-09, 2.266085977254278e-09, 1.0338304693792293e-05, 3.4895033868040417e-09, 2.976677406754135e-09, 2.266480154340675e-09, 3.4895033868040417e-09, 3.4895033868040417e-09, 2.266480154340675e-09, 2.266085977254279e-09, 2.266480154340675e-09, 2.2762246698901067e-09]
iterations 20
[1.0338304693792293e-05, 2.266085977254279e-09, 7.933595403271015e-09, 1.0338304693792293e-05, 3.4895033868043312e-09, 2.266480154340101e-09, 2.266480154340675e-09, 2.266085977254279e-09, 8.639336721953918e-09, 2.2762246698901067e-09, 3.490352930832818e-09, 3.4895033868040417e-09, 3.4895033868040417e-09, 2.266085977254279e-09, 1.0338304693792293e-05, 1.0338304693792293e-05, 1.0338304693792293e-05, 1.0338304693792293e-05, 2.266480154340675e-09, 1.0338304693792293e-05, 1.0338304693792293e-05, 3.4895033868040417e-09, 2.976677406754135e-09, 2.266480154340675e-09, 3.4895033868040417e-09, 3.4895033868040417e-09, 2.266480154340675e-09, 2.266480154340675e-09, 1.0338304693638967e-05, 8.63933672195452e-09]
iterations 21
[1.0338304693792293e-05, 8.63933672195452e-09, 7.933595403271015e-09, 1.0338304693792293e-05, 8.639336721953918e-09, 8.63933672195452e-09, 2.266480154340675e-09, 1.0338304693792293e-05, 1.0338304693792293e-05, 1.0338304693792293e-05, 3.490352930832818e-09, 3.4895033868040417e-09, 1.0338304693792293e-05, 2.266480154340675e-09, 1.0338304693792293e-05, 1.0338304693792293e-05, 1.0338304693792293e-05, 1.0338304693792293e-05, 2.266480154340675e-09, 1.0338304693792293e-05, 1.0338304693792293e-05, 1.0338304693792293e-05, 3.4895033868040417e-09, 1.0338304693792293e-05, 1.0338304693792293e-05, 3.4895033868040417e-09, 1.0338304693792293e-05, 2.266480154340675e-09, 1.0338304693792293e-05, 1.0338304693792293e-05]
iterations 22
[1.0338304693792293e-05, 1.0338304693792293e-05, 1.0338304693792293e-05, 1.0338304693792293e-05, 1.0338304693792293e-05, 1.0338304693792293e-05, 1.0338304693792293e-05, 1.0338304693792293e-05, 1.0338304693792293e-05, 1.0338304693792293e-05, 8.63933672195452e-09, 1.0338304693792293e-05, 1.0338304693792293e-05, 9.099742359167493e-06, 1.0338304693792293e-05, 1.0338304693792293e-05, 1.0338304693792293e-05, 1.0338304693792293e-05, 8.63933672195452e-09, 1.0338304693792293e-05, 1.0338304693792293e-05, 1.0338304693792293e-05, 1.0338304693792293e-05, 1.0338304693792293e-05, 1.0338304693792293e-05, 8.63933672195452e-09, 1.0338304693792293e-05, 1.0338304693792293e-05, 1.0338304693792293e-05, 1.0338304693792293e-05]
iterations 23
[1.0338304693792293e-05, 1.0338304693792293e-05, 1.0338304693792293e-05, 1.0338304693792293e-05, 1.0338304693792293e-05, 1.0338304693792293e-05, 1.0338304693792293e-05, 1.0338304693792293e-05, 1.0338304693792293e-05, 1.0342959725900773e-05, 1.0338304693792293e-05, 1.0338304693792293e-05, 1.0338304693792293e-05, 1.0338304693792293e-05, 1.0338304693792293e-05, 1.0338304693792293e-05, 1.0338304693792293e-05, 1.0338304693792293e-05, 1.0338304693792293e-05, 1.0338304693792293e-05, 1.0338304693792293e-05, 1.0338304693792293e-05, 1.0338304693792293e-05, 1.0338304693792293e-05, 1.0338304693792293e-05, 1.0338304693792293e-05, 1.0338304693792293e-05, 1.0338304693792293e-05, 1.0338304693792293e-05, 1.0338304693792293e-05]
iterations 24
[1.033830474791333e-05, 1.0338304693792293e-05, 1.0338304693792293e-05, 1.0338304693792293e-05, 1.0338304693792293e-05, 1.0338304693792293e-05, 1.0338304693792293e-05, 1.0338304693792293e-05, 1.0338304693792293e-05, 1.0342959725900773e-05, 1.0338304693792293e-05, 1.0338304693792293e-05, 1.0338304693792293e-05, 1.0338304693792293e-05, 1.0338304693792293e-05, 1.0338304693792293e-05, 1.0338304693792293e-05, 1.0338304693792293e-05, 1.0338304693792293e-05, 1.0338304693792293e-05, 1.0338304693792293e-05, 1.0338304693792293e-05, 1.0338304693792293e-05, 1.0342959725900773e-05, 1.0338304693792293e-05, 1.0338304693792293e-05, 1.0338304693792293e-05, 1.0338304693792293e-05, 1.0338304693792293e-05, 1.0338304693792293e-05]
iterations 25
[1.0342959725900773e-05, 1.0338304693792293e-05, 1.0338304693792293e-05, 1.0338304693792293e-05, 1.0342959725900773e-05, 1.0338304693792293e-05, 1.0338304693792293e-05, 1.0338304693792293e-05, 1.0338304693792293e-05, 1.0342959725900773e-05, 1.0338304693792293e-05, 1.0338304693792293e-05, 1.0338304693792293e-05, 1.0338304693792293e-05, 1.0338304693792293e-05, 1.0338304693792293e-05, 1.0338304693792293e-05, 1.0338304693792293e-05, 1.0338304693792293e-05, 1.0338304693792293e-05, 1.0338304693792293e-05, 4.40960215266893e-05, 1.0338304693792293e-05, 1.0342959725900773e-05, 1.0338304693792293e-05, 1.0338304693792293e-05, 1.0338304693792293e-05, 1.0338304693792293e-05, 1.0338304693792293e-05, 1.0338304693792293e-05]
iterations 26
[1.0342959725900773e-05, 1.0342959725900773e-05, 1.0338304693792293e-05, 1.0338304693792293e-05, 1.0342959725900773e-05, 1.0338304693792293e-05, 1.0338304693792293e-05, 1.0338304693792293e-05, 1.0338304693792293e-05, 1.0342959725900773e-05, 1.0338304693792293e-05, 1.0338304693792293e-05, 1.0338304693792293e-05, 1.0338304693792293e-05, 1.0342959725900773e-05, 1.0338304693792293e-05, 1.0338304693792293e-05, 1.0338304693792293e-05, 1.0338304693792293e-05, 1.0338304693792293e-05, 1.0338304693792293e-05, 4.40960215266893e-05, 1.0338304693792293e-05, 1.0342959725900773e-05, 1.0338304693792293e-05, 1.0338304693792293e-05, 1.0342959725900773e-05, 1.0338304693792293e-05, 1.0338304693792293e-05, 1.0342959725900773e-05]
iterations 27
[1.0342959725900773e-05, 1.0342959725900773e-05, 1.0338304693792293e-05, 1.0338304693792293e-05, 1.0342959725900773e-05, 1.0338304693792293e-05, 1.0338304693792293e-05, 1.0338304693792293e-05, 1.0338304693792293e-05, 1.0342959725900773e-05, 1.0342959725900773e-05, 1.0338304693792293e-05, 1.0338304693792293e-05, 1.0342959725900773e-05, 1.0342959725900773e-05, 1.0413757173053797e-05, 1.0338304693792293e-05, 1.0338304693792293e-05, 1.0342959725900773e-05, 1.0338304693792293e-05, 1.0338304693792293e-05, 4.40960215266893e-05, 1.0338304693792293e-05, 1.0342959725900773e-05, 1.0338304693792293e-05, 1.0338304693792293e-05, 1.0342959725900773e-05, 1.0338304693792293e-05, 1.0342959725900773e-05, 1.0342959725900773e-05]
iterations 28
[1.0342959725900773e-05, 1.0342959725900773e-05, 1.0343009877444708e-05, 1.0338304693792293e-05, 1.0342959725900773e-05, 1.0342959725900773e-05, 1.0338304693792293e-05, 1.0338304693792293e-05, 1.0338304693792293e-05, 1.0342959725900773e-05, 1.0342959725900773e-05, 1.0342959725900773e-05, 1.0338304693792293e-05, 1.0342959725900773e-05, 1.0342959725900773e-05, 1.0413757173053797e-05, 1.0338304693792293e-05, 1.0338304693792293e-05, 1.0342959725900773e-05, 1.0338304693792293e-05, 1.0338304693792293e-05, 4.40960215266893e-05, 1.0342968340662042e-05, 1.0342959725900773e-05, 1.0342959725900773e-05, 1.0338304693792293e-05, 8.71941306095399e-05, 1.0342959725900773e-05, 1.0342959725900773e-05, 1.0342959725900773e-05]
iterations 29
[1.0342959725900773e-05, 1.0342959725900773e-05, 1.0343009877444708e-05, 1.0342959725900773e-05, 1.0342959725900773e-05, 1.0342959725900773e-05, 1.0342959725900773e-05, 1.0338304693792293e-05, 1.0342959725900773e-05, 1.0342959725900773e-05, 1.0342959725900773e-05, 1.0342959725900773e-05, 1.0342959725900773e-05, 1.0342959725900773e-05, 1.0342959725900773e-05, 1.0413757173053797e-05, 1.0342959725900773e-05, 1.0342959725900773e-05, 1.0343009877444708e-05, 1.034743453399201e-05, 1.0342959725900773e-05, 4.40960215266893e-05, 1.0342968340662042e-05, 1.0342959725900773e-05, 1.0342968340662042e-05, 1.0342959725900773e-05, 8.71941306095399e-05, 1.0342959725900773e-05, 1.0342959725900773e-05, 1.0342959725900773e-05]
iterations 30
[1.0342959725900773e-05, 1.034743453399201e-05, 1.0343009877444708e-05, 1.0342959725900773e-05, 1.0342968340662042e-05, 1.0342959725900773e-05, 1.0342959725900773e-05, 1.0338304693792293e-05, 1.0342959725900773e-05, 1.0342968340662042e-05, 1.0342959725900773e-05, 1.0342959725900773e-05, 1.0342959725900773e-05, 1.0342959725900773e-05, 1.034743453399201e-05, 1.0413757173053797e-05, 1.0347585691938773e-05, 1.034743453399201e-05, 1.0343009877444708e-05, 1.034743453399201e-05, 1.0342959725900773e-05, 4.40960215266893e-05, 1.0342968340662042e-05, 1.0342968340662042e-05, 1.0342968340662042e-05, 1.0342959725900773e-05, 8.71941306095399e-05, 1.0342959725900773e-05, 1.0342968340662042e-05, 1.034743453399201e-05]
iterations 31
[1.0342968340662042e-05, 4.424263724592243e-05, 1.0343009877444708e-05, 1.0342968340662042e-05, 1.0342968340662042e-05, 1.0342968340662042e-05, 8.71941306095399e-05, 1.0342968340662042e-05, 1.034743453399201e-05, 1.0342968340662042e-05, 1.0342968340662042e-05, 1.0342959725900773e-05, 1.0342959725900773e-05, 1.0342959725900773e-05, 1.034743453399201e-05, 1.0413757173053797e-05, 1.0347585691938773e-05, 1.034743453399201e-05, 1.0343009877444708e-05, 1.034743453399201e-05, 1.0342959725900773e-05, 4.40960215266893e-05, 1.0342968340662042e-05, 1.034743453399201e-05, 1.0343009877444708e-05, 1.034743453399201e-05, 8.71941306095399e-05, 1.034743453399201e-05, 1.0342968340662042e-05, 1.034743453399201e-05]
iterations 32
[1.0342968340662042e-05, 4.424263724592243e-05, 1.034743453399201e-05, 1.0342968340662042e-05, 1.034743453399201e-05, 1.0342968340662042e-05, 8.71941306095399e-05, 1.034743453399201e-05, 1.034743453399201e-05, 1.0342968340662042e-05, 1.0352085710032518e-05, 1.0342968340662042e-05, 1.034743453399201e-05, 1.0342959725900773e-05, 1.034743453399201e-05, 1.0413757173053797e-05, 1.0347585691938773e-05, 1.034743453399201e-05, 1.0343009877444708e-05, 1.034743453399201e-05, 1.034743453399201e-05, 4.40960215266893e-05, 1.0342968340662042e-05, 1.034743453399201e-05, 1.0343009877444708e-05, 1.034743453399201e-05, 8.71941306095399e-05, 1.034743453399201e-05, 1.034743453399201e-05, 1.034743453399201e-05]
iterations 33
[1.0342968340662042e-05, 4.424263724592243e-05, 1.034743453399201e-05, 1.0352085710032518e-05, 2.683949494506473e-05, 1.034743453399201e-05, 8.71941306095399e-05, 1.034743453399201e-05, 1.0352085710032518e-05, 1.034743453399201e-05, 1.0352085710032518e-05, 1.034743453399201e-05, 1.034743453399201e-05, 1.0342968340662042e-05, 1.034743453399201e-05, 1.0413757173053797e-05, 1.0347585691938773e-05, 1.034743453399201e-05, 1.034743453399201e-05, 1.034743453399201e-05, 1.034743453399201e-05, 4.40960215266893e-05, 1.0342968340662042e-05, 1.034743453399201e-05, 1.034743453399201e-05, 1.034743453399201e-05, 8.71941306095399e-05, 1.034743453399201e-05, 1.900377696467449e-05, 1.034743453399201e-05]
iterations 34
[1.034743453399201e-05, 4.424263724592243e-05, 1.034743453399201e-05, 1.0352085710032518e-05, 2.683949494506473e-05, 1.034743453399201e-05, 8.71941306095399e-05, 1.0352085710032518e-05, 1.0352085710032518e-05, 4.424263724369304e-05, 1.0352085710032518e-05, 1.0352085710032518e-05, 1.0352085710032518e-05, 1.034743453399201e-05, 1.034743453399201e-05, 1.0413757173053797e-05, 1.0347585691938773e-05, 1.034743453399201e-05, 1.034743453399201e-05, 1.034743453399201e-05, 6.68875765610379e-05, 4.40960215266893e-05, 1.0352085710032518e-05, 1.034743453399201e-05, 1.034743453399201e-05, 1.0352085710032518e-05, 8.71941306095399e-05, 1.0352085710032518e-05, 1.900377696467449e-05, 1.034743453399201e-05]
iterations 35
[1.034743453399201e-05, 4.424263724592243e-05, 2.683949494506473e-05, 1.900377696467449e-05, 2.683949494506473e-05, 1.034743453399201e-05, 8.71941306095399e-05, 8.017992099774205e-05, 1.0352085710032518e-05, 4.424263724369304e-05, 1.0352085710032518e-05, 1.0352085710032518e-05, 1.0352085710032518e-05, 1.034743453399201e-05, 1.0352085710032518e-05, 1.0413757173053797e-05, 1.0352085710032518e-05, 1.0352085710032518e-05, 1.034743453399201e-05, 1.034743453399201e-05, 6.68875765610379e-05, 4.40960215266893e-05, 2.683949494506473e-05, 1.0352085710032518e-05, 1.0352085710032518e-05, 1.0352085710032518e-05, 8.71941306095399e-05, 3.689527043617265e-05, 1.900377696467449e-05, 1.034743453399201e-05]
iterations 36
[1.0352085710032518e-05, 4.424263724592243e-05, 2.683949494506473e-05, 1.900377696467449e-05, 4.424263724369306e-05, 1.0352085710231967e-05, 8.71941306095399e-05, 8.017992099774205e-05, 1.0352085710032518e-05, 4.424263724369304e-05, 1.0352085710032518e-05, 1.0420890377690436e-05, 1.0352085710032518e-05, 8.017992099774205e-05, 1.329740809367902e-05, 1.0413757173053797e-05, 1.0352085710032518e-05, 4.40960215266893e-05, 1.0352085710032518e-05, 2.683949494506473e-05, 6.68875765610379e-05, 4.424263724592243e-05, 2.683949494506473e-05, 3.689527043617265e-05, 1.0352085710032518e-05, 1.0352085710032518e-05, 8.71941306095399e-05, 3.689527043617265e-05, 1.900377696467449e-05, 6.68875765610379e-05]
iterations 37
[1.0352085710032518e-05, 8.017992099774205e-05, 2.683949494506473e-05, 1.900377696467449e-05, 4.424263724369306e-05, 1.0352085710231967e-05, 8.71941306095399e-05, 8.017992099774205e-05, 1.0352085710032518e-05, 4.424263724369304e-05, 1.3297408170873347e-05, 1.0420890377690436e-05, 5.315626843810871e-05, 8.017992099774205e-05, 1.329740809367902e-05, 1.0413757173053797e-05, 1.0352085710032518e-05, 4.40960215266893e-05, 8.01799211753459e-05, 2.683949494506473e-05, 8.017992099774205e-05, 8.017992099774205e-05, 8.71941306095399e-05, 4.424263724369306e-05, 1.0352085710032518e-05, 8.71941306095399e-05, 8.71941306095399e-05, 3.689527043617265e-05, 6.60736727119343e-05, 6.68875765610379e-05]
iterations 38
[6.61025924813354e-05, 8.017992099774205e-05, 6.60736727119343e-05, 8.017992099774205e-05, 8.084230918999145e-05, 5.2532434554301896e-05, 8.71941306095399e-05, 8.017992099774205e-05, 1.0435545202612614e-05, 4.424263724369304e-05, 1.3297408170873347e-05, 6.688758003726426e-05, 6.68875765610379e-05, 8.017992099774205e-05, 4.424263724369306e-05, 2.683949494506473e-05, 8.017992099774205e-05, 8.017992099774205e-05, 8.01799211753459e-05, 8.017992099774205e-05, 8.017992099774205e-05, 8.017992099774205e-05, 8.71941306095399e-05, 4.424263724369306e-05, 1.0352085710032518e-05, 8.71941306095399e-05, 8.71941306095399e-05, 3.689527043617265e-05, 6.60736727119343e-05, 6.68875765610379e-05]
iterations 39
[8.017992099774205e-05, 8.017992099774205e-05, 6.60736727119343e-05, 8.017992099774205e-05, 8.084230918999145e-05, 8.017992099774205e-05, 8.71941306095399e-05, 8.017992099774205e-05, 8.017992099774205e-05, 8.018892846505207e-05, 6.61025924813354e-05, 6.688758003726426e-05, 6.68875765610379e-05, 8.017992099774205e-05, 8.017992099774205e-05, 5.2532434554301896e-05, 8.01799211753459e-05, 8.017992099774205e-05, 8.01799211753459e-05, 8.017992099774205e-05, 8.017992099774205e-05, 8.017992099774205e-05, 8.71941306095399e-05, 5.2532434554301896e-05, 0.00014472412459827995, 8.71941306095399e-05, 8.71941306095399e-05, 8.017992099774205e-05, 8.017992099774205e-05, 8.017992099774205e-05]
iterations 40
[8.017992099774205e-05, 8.017992099774205e-05, 6.61025924813354e-05, 8.017992099774205e-05, 8.084230918999145e-05, 8.084230918999145e-05, 8.71941306095399e-05, 8.01799211753459e-05, 8.017992099774205e-05, 8.018892846505207e-05, 6.61025924813354e-05, 8.017992099774205e-05, 8.01799211753459e-05, 8.017992099774205e-05, 8.017992099774205e-05, 8.017992099774205e-05, 8.01799211753459e-05, 8.017992099774205e-05, 8.01799211753459e-05, 8.017992099774205e-05, 0.00014472412459827995, 8.01799211753459e-05, 8.71941306095399e-05, 8.017992099774205e-05, 0.00014472412459827995, 8.71941306095399e-05, 8.71941306095399e-05, 8.017992099774205e-05, 8.017992099774205e-05, 8.017992099774205e-05]
iterations 41
[8.017992099774205e-05, 8.017992099774205e-05, 6.61025924813354e-05, 8.017992099774205e-05, 8.084230918999145e-05, 8.084230918999145e-05, 8.71941306095399e-05, 8.01799211753459e-05, 8.017992099774205e-05, 8.018892846505207e-05, 8.017992099774205e-05, 8.084230918999145e-05, 8.01799211753459e-05, 8.01799211753459e-05, 8.084230918999145e-05, 8.017992099774205e-05, 8.01799211753459e-05, 8.017992099774205e-05, 8.01799211753459e-05, 8.017992099774205e-05, 0.00014472412459827995, 8.01799211753459e-05, 8.71941306095399e-05, 8.017992099774205e-05, 0.00014472412459827995, 8.71941306095399e-05, 8.71941306095399e-05, 8.017992099774205e-05, 8.01799211753459e-05, 8.01799211753459e-05]
iterations 42
[8.01799211753459e-05, 8.017992099774205e-05, 8.084230918999145e-05, 8.017992099774205e-05, 8.084230918999145e-05, 8.084230918999145e-05, 8.71941306095399e-05, 8.084230918999145e-05, 8.018892846505207e-05, 8.018892846505207e-05, 8.017992099774205e-05, 8.084230918999145e-05, 8.01799211753459e-05, 8.01799211753459e-05, 8.084230918999145e-05, 8.01799211753459e-05, 8.01799211753459e-05, 8.01799211753459e-05, 8.01799211753459e-05, 8.084230918999145e-05, 0.00014472412459827995, 8.084230918999145e-05, 8.71941306095399e-05, 8.01799211753459e-05, 0.00014472412459827995, 8.71941306095399e-05, 8.71941306095399e-05, 8.017992099774205e-05, 8.01799211753459e-05, 0.00010968975770022496]
iterations 43
[8.084230918999145e-05, 8.01799211753459e-05, 8.084230918999145e-05, 8.017992099774205e-05, 8.084230918999145e-05, 8.084230918999145e-05, 8.71941306095399e-05, 8.084230918999145e-05, 0.00014472412459827995, 8.018892846505207e-05, 0.00014472227406357038, 8.084230918999145e-05, 8.01799211753459e-05, 8.084230918999145e-05, 8.084230918999145e-05, 8.01799211753459e-05, 8.08423093221371e-05, 8.01799211753459e-05, 8.01799211753459e-05, 8.084230918999145e-05, 0.00022731017388654675, 8.084230918999145e-05, 8.71941306095399e-05, 8.01799211753459e-05, 0.00014472412459827995, 8.71941306095399e-05, 8.71941306095399e-05, 8.01799211753459e-05, 8.01799211753459e-05, 0.00010968975770022496]
iterations 44
[8.084230918999145e-05, 0.00014472227424129378, 8.084230918999145e-05, 8.084230918999145e-05, 0.00014472412459827995, 8.084230918999145e-05, 8.71941306095399e-05, 8.084230918999145e-05, 0.00014472412459827995, 8.018892846505207e-05, 0.00014472227406357038, 8.084230918999145e-05, 8.01799211753459e-05, 8.084230918999145e-05, 8.084230918999145e-05, 8.084230918999145e-05, 8.08423093221371e-05, 8.01799211753459e-05, 8.01799211753459e-05, 8.302437983554173e-05, 0.00022731017388654675, 8.084230918999145e-05, 8.71941306095399e-05, 8.084230918999145e-05, 0.00014472412459827995, 8.71941306095399e-05, 8.71941306095399e-05, 8.08423093221371e-05, 8.08423093221371e-05, 0.00010968975770022496]
iterations 45
[8.302437983554173e-05, 0.00014472227424129378, 8.084230918999145e-05, 8.084230918999145e-05, 0.00014472412459827995, 8.084230918999145e-05, 8.71941306095399e-05, 8.084230918999145e-05, 0.00014472412459827995, 8.084230918999145e-05, 0.00014472227406357038, 0.00014472227406357038, 8.01799211753459e-05, 8.084230918999145e-05, 8.084230918999145e-05, 8.084230918999145e-05, 0.00010968975770022496, 8.01799211753459e-05, 8.01799211753459e-05, 0.00014473375179550877, 0.00022731017388654675, 0.00014592970524209215, 8.71941306095399e-05, 8.08423093221371e-05, 0.00014472412459827995, 8.71941306095399e-05, 0.00014472227406357038, 8.08423093221371e-05, 0.00014472227406357038, 0.00010968975770022496]
iterations 46
[8.302437983554173e-05, 0.00014472227424129378, 0.00014472227406357038, 0.00014472227406357038, 0.00014472412459827995, 0.00014472227420191057, 0.00014472227399118262, 0.0001459297052973698, 0.00014472412459827995, 8.71941306095399e-05, 0.00014472227406357038, 0.00014472227406357038, 8.01799211753459e-05, 8.08423093221371e-05, 0.00014479989165566787, 0.00014472227406357038, 0.00010968975770022496, 8.084230918999145e-05, 8.01799211753459e-05, 0.00014473375179550877, 0.00022731017388654675, 0.00014592970524209215, 0.00014472227406357038, 0.00014472227406357038, 0.00014472412459827995, 0.00014472227406357038, 0.00014473375179550877, 0.00014472412459827995, 0.00014472227406357038, 0.00014472227406357038]
iterations 47
[8.302437983554173e-05, 0.00014472227424129378, 0.00014472227406357038, 0.00014472227406357038, 0.00014472412459827995, 0.00014472227420191057, 0.00014472227399118262, 0.0001459297052973698, 0.00014472412459827995, 0.00014472227420191057, 0.00014472227406357038, 0.00014472227406357038, 0.00014472227406357038, 0.00014472412459827995, 0.00014479989165566787, 0.00014472227406357038, 0.00014472227424129378, 0.00014472227399118262, 0.00014472227406357038, 0.00014473375179550877, 0.00022731017388654675, 0.00014592970524209215, 0.00014472227406357038, 0.00014472227406357038, 0.00014472412459827995, 0.00014473375179550877, 0.00014473375179550877, 0.00014472412459827995, 0.00014592970524209215, 0.00014472227406357038]
iterations 48
[0.00014472227399118262, 0.00014472227424129378, 0.00014472410496473636, 0.00014472227406357038, 0.00014472412459827995, 0.00014472412459827995, 0.00014472227406357038, 0.0001459297052973698, 0.00014472412459827995, 0.00014472227420191057, 0.0001459297052973698, 0.0001459297052973698, 0.00014472227406357038, 0.00014472412459827995, 0.00014479989165566787, 0.00014472227406357038, 0.00014472227424129378, 0.00014473375179550877, 0.00014472227420191057, 0.00014473375179550877, 0.00022731017388654675, 0.00014592970524209215, 0.00014472227406357038, 0.00014472227424129378, 0.00014472412459827995, 0.00014473375179550877, 0.00014473375179550877, 0.00014473375179550877, 0.00014592970524209215, 0.00014472227406357038]
iterations 49
[0.00014472646292561543, 0.00014472227424129378, 0.00014472410496473636, 0.00014472227406357038, 0.00014473375179550877, 0.00014592934609643023, 0.00014473375179550877, 0.0001459297052973698, 0.00014472412459827995, 0.00014472227420191057, 0.0001459297052973698, 0.0001459297052973698, 0.00014472227420191057, 0.00014472412459827995, 0.00014479989165566787, 0.0001459297052973698, 0.00014472227424129378, 0.00014473375179550877, 0.00014472227424129378, 0.00014473375179550877, 0.00022731017388654675, 0.00014592970524209215, 0.00014472227406357038, 0.00014473375179550877, 0.00014473375179550877, 0.0001459297052973698, 0.00014473375179550877, 0.00014714495808046293, 0.00014592970524209215, 0.00014473375179550877]
iterations 50
[0.00014472646292561543, 0.00014473375179550877, 0.00014472410496473636, 0.00014473375179550877, 0.00014473375179550877, 0.00014592934609643023, 0.00015489210085413294, 0.0001459297052973698, 0.00014472646292561543, 0.00014473375179550877, 0.0001459297052973698, 0.0001459297052973698, 0.00014586058186845274, 0.00014472412459827995, 0.00014479989165566787, 0.0001459297052973698, 0.00014472646292561543, 0.0001459297052973698, 0.00014472227424129378, 0.00014473375179550877, 0.00022731017388654675, 0.00014592970524209215, 0.00014472227420191057, 0.0001459297052973698, 0.00014473375179550877, 0.0001459297052973698, 0.00014473375179550877, 0.00014714495808046293, 0.00014592970524209215, 0.00014473375179550877]
iterations 51
[0.00014473375179550877, 0.00014473375179550877, 0.0001459297052973698, 0.00014473375179550877, 0.0001459297052973698, 0.00014592934609643023, 0.00015489210085413294, 0.0001459297052973698, 0.00014473375179550877, 0.00014473375179550877, 0.0001459297052973698, 0.0001459297052973698, 0.00014592970525240264, 0.00014472807251367234, 0.00014479989165566787, 0.0001459297052973698, 0.00014473375179550877, 0.0001459297052973698, 0.00014472646303721585, 0.00014473375179550877, 0.00022731017388654675, 0.00014592970524209215, 0.00014473299677115767, 0.00014593018625684917, 0.0001459183069766941, 0.0001459297052973698, 0.00014473375179550877, 0.00014714495808046293, 0.00014592970524209215, 0.00014473375179550877]
iterations 52
[0.00014473375179550877, 0.00014473375179550877, 0.0001459297052973698, 0.00014473375179550877, 0.0001459297052973698, 0.00014592970524209215, 0.00015489210085413294, 0.0001459297052973698, 0.00014473375179550877, 0.00014473375179550877, 0.0001459297052973698, 0.0001459297052973698, 0.00014592970525240264, 0.0001459297052973698, 0.00014479989165566787, 0.0001459297052973698, 0.000144734001854199, 0.0001459297052973698, 0.00014473375179550877, 0.0001459297052973698, 0.00022731017388654675, 0.00014592970524209215, 0.00014473375179550877, 0.00014593018625684917, 0.0001459183069766941, 0.0001459297052973698, 0.00014473375179550877, 0.00014714495808046293, 0.0001459307653115402, 0.00014473375179550877]
iterations 53
[0.00014473375179550877, 0.00014473375179550877, 0.0001459297052973698, 0.00014473375179550877, 0.0001459297052973698, 0.00014592970524209215, 0.00015489210085413294, 0.0001459297052973698, 0.00014473375179550877, 0.0001459297052973698, 0.0001459297052973698, 0.00014685545795611006, 0.00014592970525240264, 0.0001459297052973698, 0.00014593018625684917, 0.0001459297052973698, 0.000144734001854199, 0.0001459297052973698, 0.00014473375179550877, 0.0001459297052973698, 0.00022731017388654675, 0.00014592970524209215, 0.00014593018625684917, 0.00014593018625684917, 0.00022731017388654675, 0.0001459297052973698, 0.00014592970524209215, 0.00014714495808046293, 0.0001459307653115402, 0.0001459297052973698]
iterations 54
[0.00014473533115282535, 0.000145928113873123, 0.0001459297052973698, 0.00014593018625684917, 0.0001459297052973698, 0.00014592970524209215, 0.00015489210085413294, 0.0001459297052973698, 0.00014593018625684917, 0.0001459297052973698, 0.0001459297052973698, 0.00014685545795611006, 0.00014592970525240264, 0.0001459297052973698, 0.0001459307653115402, 0.00014593018625684917, 0.00014593018625684917, 0.0001459297052973698, 0.0001459297052973698, 0.00022731017388654675, 0.00022731017388654675, 0.0001459297052973698, 0.00014593018625684917, 0.00014593018625684917, 0.00022731017388654675, 0.00014593028434987395, 0.00014592970524209215, 0.00014714495808046293, 0.0001459307653115402, 0.0001459307653115402]
iterations 55
[0.0001459297052973698, 0.000145928113873123, 0.00014593018625684917, 0.00015538221406727204, 0.0001459297052973698, 0.00014592970524209215, 0.00015489210085413294, 0.0001459297052973698, 0.00014593018625684917, 0.00014593018625684917, 0.00014593018625684917, 0.00014685545795611006, 0.00014593104559703393, 0.0001459297052973698, 0.002220581308668405, 0.00014593018625684917, 0.00014593018625684917, 0.0001459297052973698, 0.00014593018625684917, 0.00022731017388654675, 0.00022731017388654675, 0.0001459307653115402, 0.00014593018625684917, 0.00014593018625684917, 0.00022731017388654675, 0.00014593028434987395, 0.00014592970524209215, 0.00014714495808046293, 0.0001459307653115402, 0.0001459307653115402]
iterations 56
[0.00014593018625684917, 0.00014593018625684917, 0.00014593018625684917, 0.00015538221406727204, 0.002220581308668405, 0.00014593018625684917, 0.00015489210085413294, 0.0001459307653115402, 0.001276410929011936, 0.00025384067926654446, 0.00014593018625684917, 0.00014685545795611006, 0.002220581308668405, 0.0001459307653115402, 0.002220581308668405, 0.0022205813086700393, 0.00014593018625684917, 0.00022731017388654675, 0.00014593018625684917, 0.00022731017388654675, 0.00022731017388654675, 0.0001459307653115402, 0.0001459307653115402, 0.00014593018625684917, 0.00022731017388654675, 0.00014593028434987395, 0.00014593018625684917, 0.00022731017388654675, 0.0001459307653115402, 0.0001459307653115402]
iterations 57
[0.00014685545795611006, 0.00014593018625684917, 0.0001459307653115402, 0.00015538221406727204, 0.002220581308668405, 0.00014593018625684917, 0.0022205813086700393, 0.00031160102781594345, 0.001276410929011936, 0.00025384067926654446, 0.0001459307653115402, 0.00014685545795611006, 0.05948592765454552, 0.0001459307653115402, 0.002220581308668405, 0.0022205813086700393, 0.002220581308668339, 0.0022205813086701464, 0.00014593018625684917, 0.0022205813086700393, 0.00022731017388654675, 0.002220581308668405, 0.00015362025633268146, 0.000188860738556984, 0.00022731017388654675, 0.00014593028434987395, 0.00014593018625684917, 0.002220581308668405, 0.0001459307653115402, 0.002220581308668405]
iterations 58
[0.0022205813086700393, 0.0022205813086700393, 0.0022205813086701464, 0.05982025487150254, 0.0022205813086700506, 0.0001888607385038074, 0.0022205813086700393, 0.00031160102781594345, 0.001276410929011936, 0.00025384067926654446, 0.00031160102781594345, 0.00014685545795611006, 0.05948592765454552, 0.0001459307653115402, 0.002220581308668405, 0.0022205813086700393, 0.002220581308668339, 0.0022205813086701464, 0.002220581308668405, 0.0022205813086700393, 0.00031160102781594345, 0.0022205813086700393, 0.0022205813086700393, 0.000188860738556984, 0.0022205813086701464, 0.002203110161931333, 0.002220581308668405, 0.002220581308668405, 0.002220581308668339, 0.002220581308668405]
iterations 59
[0.0022205813086700393, 0.05948592765454552, 0.0022205813086701464, 0.05982025487150254, 0.0022205813086701464, 0.002220581308668339, 0.0022205813086700393, 0.00031160102781594345, 0.002220572497103276, 0.00025384067926654446, 0.0022205813086700393, 0.0007167540825315479, 0.05948592765454552, 0.0022205813086683826, 0.002220581308668405, 0.0022205813086700393, 0.002220581308668405, 0.0022205813086701464, 0.002220581308668405, 0.0022205813086700393, 0.002220581308668339, 0.0022205813086700393, 0.0022205813086700393, 0.003403024894542642, 0.0022205813086701464, 0.002203110161931333, 0.002220581308668405, 0.002220581308668405, 0.002220581308668339, 0.002220581308668405]
iterations 60
[0.0022205813086701464, 0.05948592765454552, 0.0022205813086701464, 0.05982025487150254, 0.0022205813086701464, 0.0022205813086700393, 0.0022205813086700393, 0.002220581308668405, 0.002220581308668432, 0.0022205813086699977, 0.0022205813086700393, 0.0022205813086700393, 0.05948592765454552, 0.0022205813086683826, 0.0022205813086701464, 0.0022205813086700393, 0.002220581308668405, 0.0022205813086701464, 0.0022205813086701035, 0.0022205813086700393, 0.0022205813086700393, 0.0022205813086700393, 0.0022205813086700393, 0.003403024894542642, 0.0022205813086701464, 0.002220581308668405, 0.0022205813086700393, 0.003403024894542642, 0.002220581308668339, 0.0022205813086701464]
iterations 61
[0.0022205813086701464, 0.05948592765454552, 0.0022205813086701464, 0.05982025487150254, 0.0022205813086701464, 0.0022205813086700393, 0.003403024894542642, 0.0022205813086700393, 0.0022205813086701464, 0.0022205813086701464, 0.0022205813086700393, 0.0022205813086700393, 0.05948592765454552, 0.0022205813086683826, 0.0022205813086701464, 0.0022205813086700393, 0.0034032603132013238, 0.0022205813086701464, 0.0022205813086701464, 0.0022205813086700393, 0.0022205813086700393, 0.0022205813086700393, 0.0022205813086700393, 0.003403024894542642, 0.003403024894542642, 0.0022205813086701464, 0.0022205813086700393, 0.003403024894542642, 0.0022205813086701464, 0.0022205813086701464]
iterations 62
[0.0022205813086701464, 0.05948592765454552, 0.0022205813086701464, 0.05982025487150254, 0.0022205813086701464, 0.0022205813086701464, 0.0034030248945443337, 0.0022205813086700393, 0.0022205813086701464, 0.0022205813086701464, 0.0022205813086701464, 0.0022205813086701464, 0.05948592765454552, 0.0022205813086701464, 0.0022205813086701464, 0.0034030248945491823, 0.0034032603132013238, 0.0022205813086701464, 0.003403024894542642, 0.003403024894542642, 0.0022205813086701464, 0.0022205813086700393, 0.0022205813086701464, 0.003403024894542642, 0.003403024894542642, 0.0022255882756277963, 0.0022205813086700393, 0.003403024894542642, 0.003403024894542642, 0.002275829969717125]
iterations 63
[0.0022205813086701464, 0.05948592765454552, 0.003403024894542642, 0.05982025487150254, 0.05982025487150254, 0.0022205813086701464, 0.0034030248945443337, 0.0022205813086701464, 0.0022205813086701464, 0.0034030248945491823, 0.0022205813086701464, 0.0022205813086701464, 0.05948592765454552, 0.0022205813086701464, 0.003403024894542642, 0.0034030248945491823, 0.0034032603132013238, 0.0022205813086701464, 0.003403024894542642, 0.003403024894542642, 0.002225588275627903, 0.0022205813086700393, 0.0022205813086701464, 0.003403024894542642, 0.003403024894542642, 0.0022255882756277963, 0.0022205813086701464, 0.003403024894542642, 0.003403024894542642, 0.002275829969717125]
iterations 64
[0.002225588275627903, 0.05948592765454552, 0.003403024894542642, 0.05982025487150254, 0.05982025487150254, 0.0034030248945443337, 0.0034030248945443337, 0.0022205813086701464, 0.0022205813086701464, 0.0034030248945491823, 0.002225588275627903, 0.0022205813086701464, 0.05948592765454552, 0.0022205813086701464, 0.003403024894542642, 0.0034030248945491823, 0.0034032603132013238, 0.0034030248945491823, 0.003403024894542642, 0.0034030248945491823, 0.0024889571943801647, 0.0022205813086701464, 0.0022205813086701464, 0.003403024894542642, 0.003403024894542642, 0.003403024894542642, 0.003403024894542642, 0.003403024894542642, 0.003403024894542642, 0.003403024894542642]
iterations 65
[0.002225588275627903, 0.05948592765454552, 0.003403024894542642, 0.05982025487150254, 0.05982025487150254, 0.0034030248945443337, 0.0034030248945491823, 0.0034030248945491823, 0.0034030248945491823, 0.0034030248945491823, 0.002225588275627903, 0.003403024894542642, 0.05948592765454552, 0.0034030248945491823, 0.003403024894542642, 0.0034030248945491823, 0.0034032603132013238, 0.0034030248945491823, 0.003403024894542642, 0.0034030248945491823, 0.003403024894542642, 0.0022205813086701464, 0.0022205813086701464, 0.003403024894542642, 0.003403024894542642, 0.0034030248945443337, 0.003403024894542642, 0.0034030248945443337, 0.003403024894542642, 0.003403024894542642]
iterations 66
[0.003410721589664496, 0.05948592765454552, 0.0034030248945491823, 0.05982025487150254, 0.05982025487150254, 0.0034030248945491823, 0.0034030248945491823, 0.0034030248945491823, 0.0034030248945491823, 0.0034030248945491823, 0.0034030248945443337, 0.003403024894542642, 0.05948592765454552, 0.0034030248945491823, 0.003403024894542642, 0.0034030248945491823, 0.0034032603132013238, 0.0034030248945491823, 0.003403024894542642, 0.0034030248945491823, 0.003403024894542642, 0.0022256037222307726, 0.0022205813086701464, 0.0034030248945491823, 0.0034030248945491823, 0.0034030248945443337, 0.0034030248945491823, 0.0034030248945491823, 0.003403024894542642, 0.0034030248945491823]
iterations 67
[0.003410721589664496, 0.05948592765454552, 0.0034030248945491823, 0.05982025487150254, 0.05982025487150254, 0.0034030248945491823, 0.0034030248945491823, 0.0034030248945491823, 0.0034030248945491823, 0.0034030248945491823, 0.0034030248945443337, 0.0034030248945491823, 0.05948592765454552, 0.0034030248945491823, 0.0034030248945443337, 0.05948592765454552, 0.0034032603132013238, 0.0034030248945491823, 0.0034030248945491823, 0.0034030248945491823, 0.0034030248945491823, 0.0034030248945491823, 0.0034030248945491823, 0.0034030248945491823, 0.003410721589664496, 0.0034030248945443337, 0.0034030248945491823, 0.05982025487150254, 0.0034030248945491823, 0.003410721589664496]
iterations 68
[0.003410721589664496, 0.05948592765454552, 0.0034030248945491823, 0.05982025487150254, 0.05982025487150254, 0.0034030248945491823, 0.12766869920259935, 0.0034030248945491823, 0.0034030248945491823, 0.0034030248945491823, 0.0034030248945443337, 0.0034030248945491823, 0.05948592765454552, 0.0034030248945491823, 0.0034030248945491823, 0.05948592765454552, 0.0034032603132013238, 0.0034203617257506694, 0.003410721589664496, 0.0034030248945491823, 0.0034030248945491823, 0.0034030248945491823, 0.0034030248945491823, 0.0034030248945491823, 0.003410721589664496, 0.0034030248945443337, 0.0034030248945491823, 0.05982025487150254, 0.0034030248945491823, 0.003410721589664496]
iterations 69
[0.003410721589664496, 0.05948592765454552, 0.0034030248945491823, 0.05982025487150254, 0.05982025487150254, 0.0034030248945491823, 0.12766869920259935, 0.0034030248945491823, 0.0034030248945491823, 0.05982025487150254, 0.0034030248945479086, 0.05948592765469797, 0.05948592765454552, 0.0034030248945491823, 0.0034030248945491823, 0.05948592765454552, 0.0034032603132013238, 0.05982025487150254, 0.0034203617257493957, 0.059485927654797696, 0.0034030248945491823, 0.0034030248945491823, 0.0034030248945491823, 0.0034030248945491823, 0.0034203617257506694, 0.0034030248945491823, 0.09822325345625056, 0.05982025487150254, 0.0034030248945491823, 0.003410721589664496]
iterations 70
[0.12766869920259935, 0.05948592765454552, 0.003447434095942126, 0.12766869920259935, 0.05982025487150254, 0.0034030248945491823, 0.12766869920259935, 0.0034030248945491823, 0.003410721589664496, 0.05982025487150254, 0.0034030248945491823, 0.05948592765469797, 0.05948592765454552, 0.12766869920259935, 0.0034030248945491823, 0.059485927658979657, 0.059485927654797696, 0.05982025487150254, 0.0034203617257493957, 0.059485927654797696, 0.0034030248945491823, 0.0034030248945491823, 0.0034030248945491823, 0.0034030248945491823, 0.0034203617257506694, 0.0034030248945491823, 0.09822325345625056, 0.05982025487150254, 0.12766869920259935, 0.0034203617257506694]
