./data/populationFitness/20190924-5-VQD5.txt
iterations 1
[18.15079615635754, 14.094446990137664, 14.968871001995751, 20.892011481439432, 19.962691529839148, 22.404583400342695, 21.206899085089425, 17.094988792227657, 17.967999516835786, 23.389563250940444, 19.88974049969279, 18.327405616579714, 21.59498210427491, 17.74606900041784, 16.17866061449534, 21.280564845493064, 20.333091422458203, 19.186088210132922, 15.94891863634861, 20.60216447041791, 21.731272149924347, 19.620639243746997, 18.295437674646777, 21.52650079280109, 18.943528368127303, 18.828362219789394, 13.145083108201213, 18.175221834474225, 20.286635618331022, 19.22482157582562]
iterations 2
[23.15174863840468, 19.078176586969963, 20.526569830763517, 21.286094049288987, 19.962691529839148, 22.404583400342695, 21.206899085089425, 20.11615496869061, 18.30061175372467, 23.389563250940444, 23.029194142936184, 20.61125379329697, 21.59498210427491, 20.049778850630787, 16.17866061449534, 21.44650126376103, 20.333091422458203, 25.21711412948466, 21.280448648793495, 23.900535724308334, 21.731272149924347, 22.59542856135749, 22.64182279087409, 21.52650079280109, 19.451757447558844, 20.517699646345473, 18.16288575866708, 20.090074278048316, 20.286635618331022, 21.79767487578462]
iterations 3
[23.15174863840468, 23.993542663491784, 23.918667762917032, 24.430233375344063, 22.02573321323273, 23.024717417267414, 23.735221705309538, 23.811355143241816, 22.20512496951815, 24.215704850476882, 23.029194142936184, 24.92455025257029, 21.59498210427491, 21.541134403126684, 21.70755456174772, 21.44650126376103, 20.333091422458203, 25.21711412948466, 21.280448648793495, 23.900535724308334, 23.029210651512425, 22.59542856135749, 22.64182279087409, 22.59542856135749, 23.130377460848702, 20.857851508981025, 20.106227745527413, 21.541535203688735, 22.19377302222013, 23.647412954286217]
iterations 4
[23.699216463106087, 23.993542663491784, 23.918667762917032, 24.430233375344063, 23.519730530096275, 23.024717417267414, 23.735221705309538, 24.624550522684675, 24.1863931846589, 24.215704850476882, 24.90561377178484, 24.92455025257029, 24.995698192011623, 22.029964894712986, 21.744182693104893, 21.44650126376103, 23.024717417267414, 25.21711412948466, 21.715424008165968, 24.621464021945606, 24.215704850476882, 24.215704850476882, 25.21711412948466, 22.64182279087409, 23.130377460848702, 22.196520566443507, 23.24111852513626, 24.219795185467483, 23.63015680274317, 23.856705397362646]
iterations 5
[23.699216463106087, 24.025389891306343, 24.905772555213993, 24.430233375344063, 24.427335791151997, 24.219795185467483, 24.215704850476882, 24.624550522684675, 24.54116570157551, 24.215704850476882, 24.90561377178484, 24.92455025257029, 24.995698192011623, 23.130377460848702, 22.691770508541957, 24.969172244203783, 23.9208743208065, 25.918496617192442, 23.841865996251016, 25.007269129918974, 24.215704850476882, 26.134353699062697, 25.21711412948466, 23.648446861959236, 24.90561377178484, 24.995698192011623, 23.24111852513626, 25.41399870121121, 23.63015680274317, 23.856705397362646]
iterations 6
[23.699216463106087, 24.470492037370647, 24.905772555213993, 24.430233375344063, 24.427335791151997, 25.144804215043187, 24.76347698371596, 24.624550522684675, 24.54116570157551, 25.816486899742312, 25.919670584314265, 24.92455025257029, 24.995698192011623, 24.509847982987964, 26.074422506854475, 24.969172244203783, 23.9208743208065, 25.918496617192442, 25.41399870121121, 25.007269129918974, 24.215704850476882, 26.134353699062697, 25.21711412948466, 25.21711412948466, 25.47763246892987, 24.995698192011623, 25.21711412948466, 25.41399870121121, 23.63015680274317, 24.34333668993376]
iterations 7
[24.272472887374178, 26.2171236025606, 24.905772555213993, 27.504368909967788, 24.427335791151997, 25.77210963964187, 24.76347698371596, 26.134353699062697, 25.467514108737333, 25.816486899742312, 25.919670584314265, 24.92455025257029, 24.995698192011623, 26.06751225101395, 26.074422506854475, 24.969172244203783, 25.653736842769714, 25.918496617192442, 25.41399870121121, 25.007269129918974, 24.995698192011623, 26.134353699062697, 25.81603742527926, 25.21711412948466, 25.47763246892987, 24.995698192011623, 26.128607523276923, 25.475878392956876, 25.821318642967064, 25.28242475305525]
iterations 8
[26.807552420391747, 26.2171236025606, 25.632733004918187, 27.504368909967788, 25.90535409440281, 25.97245837989188, 26.220035617996817, 26.134353699062697, 25.67912323063342, 27.08317071599525, 26.128607523276923, 25.842419403997493, 24.995698192011623, 26.535072708148252, 26.72324839647684, 25.427636243191948, 26.80346968931496, 25.918496617192442, 26.84115352399574, 25.58184338515309, 24.995698192011623, 26.134353699062697, 25.81603742527926, 26.153676135443927, 26.78338777058413, 24.995698192011623, 26.128607523276923, 26.166507220048896, 27.504368909967788, 25.918496617192442]
iterations 9
[26.807552420391747, 27.504368909967788, 25.632733004918187, 27.504368909967788, 25.90535409440281, 25.97245837989188, 26.220035617996817, 26.21975530988727, 27.504369045093934, 27.08317071599525, 27.493133831528123, 26.208323952860283, 25.09671769904545, 26.535072708148252, 26.72324839647684, 27.271164190518235, 26.917698648800958, 26.51794821964171, 26.84115352399574, 27.08317071599525, 26.21396914278048, 26.134353699062697, 25.81603742527926, 26.63909835667704, 26.78338777058413, 25.282372932806947, 26.15417001293831, 26.53313353266653, 27.504368909967788, 27.24023895481718]
iterations 10
[26.807552420391747, 27.504368909967788, 27.504368909967788, 27.504368909967788, 26.917698648800958, 26.807552420391747, 26.97981529398953, 26.21975530988727, 27.504369045093934, 27.08317071599525, 27.503972922230464, 26.826427983133645, 25.09671769904545, 27.693899037983595, 26.72324839647684, 27.271164190518235, 27.24608501432495, 27.432155889820358, 26.842518753816666, 27.08317071599525, 26.72178376284304, 27.66446402565109, 27.504369045093934, 26.63909835667704, 27.08317071599525, 27.504368909967788, 27.348007244856937, 26.53313353266653, 27.504368909967788, 27.24023895481718]
iterations 11
[27.56499631600965, 27.504368909967788, 27.504368909967788, 27.504368909967788, 27.531736229548557, 27.215898512097784, 26.97981529398953, 27.676950626953513, 27.504369045093934, 27.503972922230464, 27.503972922230464, 27.34367047731585, 25.443656401575694, 27.693899037983595, 27.504368909967788, 27.504368909967788, 27.24608501432495, 27.432155889820358, 27.08317071599525, 27.504369045093934, 27.271164190518235, 27.66446402565109, 27.693899037983595, 26.67940028163682, 27.504368909967788, 27.504368909967788, 27.504368909967788, 26.989541801491967, 27.504368909967788, 27.348007244856937]
iterations 12
[27.56499631600965, 27.676950626953513, 27.504368909967788, 27.504368909967788, 27.693899037983595, 27.215898512097784, 27.531736229548557, 27.676950626953513, 27.676950626953513, 27.552433876005853, 27.503972922230464, 27.504368909967788, 27.504368909967788, 27.693899037983595, 27.693899037983595, 27.504368909967788, 27.693899037983595, 27.66446402565109, 27.503972922230464, 27.693899037983595, 27.504369045093934, 27.676950626953513, 27.693899037983595, 27.535860555500786, 27.504368909967788, 27.504368909967788, 27.504368909967788, 27.453142801348562, 27.504368909967788, 27.348007244856937]
iterations 13
[27.56499631600965, 27.752382224834847, 27.676950626953513, 27.504368909967788, 27.693899037983595, 27.66446402565109, 27.531736229548557, 27.693899037983595, 27.693899037983595, 27.693899037983595, 27.504368909967788, 27.676950626953513, 27.693899037983595, 27.693899037983595, 27.693899037983595, 27.504368909967788, 27.693899037983595, 27.66446402565109, 27.676950626953513, 27.693899037983595, 27.693899037983595, 27.676950626953513, 27.693899037983595, 27.693899037983595, 27.693899037983595, 27.676950626953513, 27.504368909967788, 27.504368909967788, 27.504368909967788, 27.676950626953513]
iterations 14
[27.693899037983595, 27.752382224834847, 27.676950626953513, 27.693899037983595, 27.693899037983595, 27.693899037983595, 27.693899037983595, 27.693899037983595, 27.693899037983595, 27.752382224834847, 27.693899037983595, 27.693899037983595, 27.693899037983595, 27.693899037983595, 27.693899037983595, 27.752382224834847, 27.693899037983595, 27.693899037983595, 27.693899037983595, 27.693899037983595, 27.693899037983595, 27.693899037983595, 27.693899037983595, 27.693899037983595, 27.693899037983595, 27.693899037983595, 27.693899037983595, 27.752382224834847, 27.693899037983595, 27.676950626953513]
iterations 15
[27.693899037983595, 27.752382224834847, 27.752382224834847, 27.693899037983595, 27.693899037983595, 27.76572567321991, 27.693899037983595, 27.752382224834847, 27.693899037983595, 27.752382224834847, 27.752382224834847, 27.873078560321673, 27.693899037983595, 27.693899037983595, 27.752382224834847, 27.752382224834847, 27.752382224834847, 27.693899037983595, 27.693899037983595, 27.693899037983595, 27.693899037983595, 27.693899037983595, 27.693899037983595, 27.693899037983595, 27.693899037983595, 27.693899037983595, 27.693899037983595, 27.752382224834847, 27.693899037983595, 27.693899037983595]
iterations 16
[27.752382224834847, 27.752382224834847, 27.752382224834847, 27.752382224834847, 27.752382224834847, 27.76572567321991, 27.693899037983595, 27.752382224834847, 27.693899037983595, 27.752382224834847, 27.752382224834847, 27.873078560321673, 27.693899037983595, 27.752382224834847, 27.752382224834847, 28.046086049205588, 27.752382224834847, 27.693899037983595, 27.752382224834847, 27.752382224834847, 27.752382224834847, 27.693899037983595, 27.752382224834847, 27.752382224834847, 27.693899037983595, 27.752382224834847, 27.752382224834847, 27.752382224834847, 27.752382224834847, 27.765725750053356]
iterations 17
[27.752382224834847, 27.752382224834847, 27.752382224834847, 27.752382224834847, 27.752382224834847, 27.76572567321991, 27.752382224834847, 27.752382224834847, 27.752382224834847, 27.752382224834847, 28.046086049205588, 27.873078560321673, 27.76572567321991, 27.752382224834847, 27.752382224834847, 28.046086049205588, 27.752382224834847, 27.76572567321991, 27.752382224834847, 27.752382224834847, 27.752382224834847, 28.046086049205588, 27.7819452171044, 27.85685909327063, 27.752382224834847, 27.873078560321673, 27.752382224834847, 27.752382224834847, 27.752382224834847, 27.765725750053356]
iterations 18
[27.752382224834847, 27.752382224834847, 28.04594997017845, 27.75238258619834, 27.752382224834847, 27.765725750053356, 28.04301970966397, 27.755448564376465, 28.04594997017845, 27.75238258619834, 28.046086049205588, 27.873078560321673, 27.873078560321673, 27.7819452171044, 27.752382224834847, 28.046086049205588, 27.752382224834847, 27.76572567321991, 28.046086049205588, 28.046086049205588, 27.752382224834847, 28.046086049205588, 27.873078560321673, 27.85685909327063, 27.752382224834847, 27.873078560321673, 28.338294620967375, 27.752382224834847, 27.752382224834847, 28.046086049205588]
iterations 19
[27.76572567321991, 28.046086049205588, 28.046086049205588, 28.046086049205588, 28.046086049205588, 28.046086049205588, 28.338294620967375, 28.720255037945574, 29.1672816643207, 28.046086049205588, 28.046086049205588, 28.046086049205588, 27.873078560321673, 27.7819452171044, 27.752382224834847, 28.338294620967375, 27.7819452171044, 28.338294620967375, 28.046086049205588, 28.046086049205588, 28.046086049205588, 28.046086049205588, 27.873078560321673, 27.873078560321673, 28.04594997017845, 28.046086049205588, 28.338294620967375, 27.752382224834847, 27.873078560321673, 28.046086049205588]
iterations 20
[28.05602797529896, 28.046086049205588, 28.046086049205588, 29.1672816643207, 28.046086049205588, 28.046086049205588, 28.338294620967375, 28.720255037945574, 29.1672816643207, 29.1672816643207, 28.046086049205588, 28.046086049205588, 28.338294620967375, 28.046086049205588, 29.1672816643207, 28.338294620967375, 28.046086049205588, 28.338294620967375, 29.01336367642448, 28.046086049205588, 28.046086049205588, 28.720255037945574, 27.873078560321673, 28.046086049205588, 28.046086048188727, 28.046086049205588, 28.338294620967375, 28.338294620967375, 28.046086049205588, 29.1672816643207]
iterations 21
[29.1672816643207, 29.1672816643207, 29.1672816643207, 29.1672816643207, 28.720255037945574, 28.046086049205588, 28.338294620967375, 29.01336367642448, 29.1672816643207, 29.1672816643207, 28.046086049205588, 29.1672816643207, 28.338294620967375, 29.1672816643207, 29.1672816643207, 28.338294620967375, 28.046086049205588, 28.338294620967375, 29.01336367642448, 29.1672816643207, 28.338294620967375, 28.720255037945574, 28.046086049205588, 28.338294620967375, 28.67772987560533, 29.20980675568858, 29.1672816643207, 29.01336367642448, 28.046086049205588, 29.1672816643207]
iterations 22
[29.1672816643207, 29.1672816643207, 29.1672816643207, 29.1672816643207, 29.1672816643207, 29.1672816643207, 28.338294620967375, 29.01336367642448, 29.1672816643207, 29.1672816643207, 28.462516099006983, 29.1672816643207, 29.1672816643207, 29.1672816643207, 29.1672816643207, 28.699188049078384, 29.1672816643207, 29.1672816643207, 29.01336367642448, 29.1672816643207, 29.1672816643207, 29.1672816643207, 28.046086049205588, 29.1672816643207, 29.1672816643207, 29.20980675568858, 29.20980675568858, 29.1672816643207, 29.1672816643207, 29.1672816643207]
iterations 23
[29.1672816643207, 29.1672816643207, 29.1672816643207, 29.1672816643207, 29.1672816643207, 29.1672816643207, 29.1672816643207, 29.1672816643207, 29.20980675568858, 29.1672816643207, 28.462516099006983, 29.1672816643207, 29.1672816643207, 29.1672816643207, 29.1672816643207, 28.82893646939706, 29.1672816643207, 29.1672816643207, 29.1672816643207, 29.20980675568858, 29.1672816643207, 29.1672816643207, 29.1672816643207, 29.1672816643207, 29.1672816643207, 29.20980675568858, 29.20980675568858, 29.1672816643207, 29.1672816643207, 29.20980675568858]
iterations 24
[29.1672816643207, 29.1672816643207, 29.1672816643207, 29.20980675568858, 29.1672816643207, 29.20980675568858, 29.1672816643207, 29.20980675568858, 29.20980675568858, 29.1672816643207, 29.1672816643207, 29.20980675568858, 29.1672816643207, 29.455645676274436, 29.1672816643207, 29.0114387496499, 29.1672816643207, 29.1672816643207, 29.1672816643207, 29.20980675568858, 29.1672816643207, 29.1672816643207, 29.1672816643207, 29.1672816643207, 29.1672816643207, 29.20980675568858, 29.20980675568858, 29.1672816643207, 29.1672816643207, 29.20980675568858]
iterations 25
[29.455645676274436, 29.1672816643207, 29.20980675568858, 29.20980675568858, 29.1672816643207, 31.050911607225256, 29.1672816643207, 29.24194068111684, 29.55593382638383, 29.1672816643207, 29.5835481572985, 29.20980675568858, 29.20980675568858, 29.455645676274436, 29.20980675568858, 29.20980675568858, 29.20980675568858, 29.20980675568858, 29.267569814430093, 29.20980675568858, 29.1672816643207, 29.1672816643207, 29.176070301360877, 29.209328157546214, 29.267569814430093, 29.20980675568858, 29.20980675568858, 29.20980675568858, 29.16728166436585, 29.20980675568858]
iterations 26
[29.455645676274436, 29.55593382638383, 29.20980675568858, 29.566020180747344, 29.267569814430093, 31.050911607225256, 29.55593382638383, 29.267569814430093, 29.55593382638383, 29.1672816643207, 29.5835481572985, 29.20980675568858, 31.047057491559478, 29.555933838010866, 29.20980675568858, 29.20980675568858, 29.21543171021989, 29.20980675568858, 29.267569814430093, 29.455645676274436, 29.267569814430093, 29.55593382638383, 29.176070301360877, 29.209328157546214, 29.267569814430093, 29.20980675568858, 29.20980675568858, 29.20980675568858, 29.24194068111684, 29.24194068111684]
iterations 27
[29.455645676274436, 29.55593382638383, 29.5835481572985, 29.566020180747344, 29.415625953737347, 31.050911607225256, 29.55593382638383, 30.965829615767575, 30.973071386863463, 29.24194068111684, 29.5835481572985, 31.044041379219212, 31.047057491559478, 29.555933838010866, 29.267569814430093, 29.455645676274436, 29.55593382638383, 29.455645676274436, 31.433496505418038, 29.455645676274436, 29.267569814430093, 29.996998514627382, 29.176070301360877, 29.55593382638383, 29.267569814430093, 29.24194068111684, 29.55593382638383, 29.267569814430093, 29.267569814430093, 29.24194068111684]
iterations 28
[29.55593382638383, 29.55593382638383, 29.996998514627382, 29.566020180747344, 29.56589227839557, 31.050911607225256, 31.050911607225256, 30.965829615767575, 30.973071386863463, 29.455645676274436, 29.5835481572985, 31.044041379219212, 31.047057491559478, 29.555933838010866, 29.950127781344516, 29.502516409557302, 29.5835481572985, 29.55593382638383, 31.433496505418038, 30.954255545774878, 29.455645676274436, 29.996998514627382, 31.04394818819025, 29.583540779234532, 29.554503581176306, 31.04501665172033, 30.967403084515887, 31.048223025088767, 29.267569814430093, 31.056303794255793]
iterations 29
[31.03718576689105, 30.968237068258077, 31.036914244639647, 30.98110414284377, 31.068502872385316, 31.050911607225256, 31.050911607225256, 30.965829615767575, 31.040249698566384, 30.981523702086598, 31.050911607225256, 31.050911607225256, 31.050911607225256, 31.050911607225256, 31.043923954655085, 30.9657821370289, 31.04397338560238, 31.056302686034226, 31.433496505418038, 31.046962856624067, 29.455645676274436, 31.056765691865937, 31.04394818819025, 30.96679095001141, 31.047057491559478, 31.04501665172033, 31.433496505418038, 31.048223025088767, 29.267569814430093, 31.056303794255793]
iterations 30
[31.050911607225256, 31.050911607225256, 31.43365837190015, 31.0505515083224, 31.068502872385316, 31.050911607225256, 31.053787526014567, 30.980105584998586, 31.056334882887743, 31.04693065977055, 31.05671347907038, 31.050911607225256, 31.050911607225256, 31.050911607225256, 31.068377421136674, 31.05067209174263, 31.047057492922427, 31.056302686034226, 31.433496505418038, 31.046962856624067, 30.981787220340514, 31.056765691865937, 31.050592233954905, 31.037233617909997, 31.433326952647462, 31.04501665172033, 31.433496505418038, 31.048223025088767, 31.043808068816737, 31.056303794255793]
iterations 31
[31.050911607225256, 31.050911607225256, 31.43365837190015, 31.056303794255793, 31.068502872385316, 31.050911607225256, 31.053787526014567, 31.050911607225256, 31.056334882887743, 31.05053855131582, 31.05671347907038, 31.433326952647462, 31.0567616113138, 31.433495475047955, 31.433505238186967, 31.068483469604622, 31.068302238741566, 31.056302686034226, 31.433496505418038, 31.06885261235539, 31.056302686034226, 31.056765691865937, 31.050592233954905, 31.433475752577223, 31.433326952647462, 31.06851357616851, 31.433496505418038, 31.050911607225256, 31.046854962016717, 31.056303794255793]
iterations 32
[31.056303794255793, 31.05671347907038, 31.43365837190015, 31.05671347907038, 31.433496505418038, 31.433475752577227, 31.053787526014567, 31.45289278541726, 31.428281832093074, 31.054028384221112, 31.068502071556185, 31.4334866362354, 31.433648707291418, 31.433495475047955, 31.433505238186967, 31.068483469604622, 31.068302238741566, 31.068493053095434, 31.433496505418038, 31.43333570701602, 31.433487442602598, 31.433639591607488, 31.056303794255793, 31.433475752577223, 31.433326952647462, 31.06851357616851, 31.433496505418038, 31.43346330749475, 31.050393043988283, 31.43384629717594]
iterations 33
[31.433468704268538, 31.433648707889553, 31.43365837190015, 31.43332546154338, 31.43364719667614, 31.433481084974144, 31.056707855181713, 31.45289278541726, 31.43345737948541, 31.433478774315102, 31.433657966187592, 31.4334866362354, 31.433648707291418, 31.433496505418038, 31.452850275164813, 31.433582965014402, 31.428281832093074, 31.428281832093074, 31.433496505418038, 31.433637975372203, 31.43365837190015, 31.433639591607488, 31.433475251567852, 31.433475752577223, 31.433326952647462, 31.433504640521903, 31.433496505418038, 31.43346330749475, 31.050393043988283, 31.43384629717594]
iterations 34
[31.433639979633288, 31.433648707889553, 31.43365837190015, 31.433484121185707, 31.43364719667614, 31.453004328198073, 31.433441576528264, 31.45289278541726, 31.43345737948541, 31.433645057026098, 31.433657966187592, 31.43383157206151, 31.433648707291418, 31.450564498380306, 31.452850275164813, 31.433583501121106, 31.428281832093074, 31.433638764471482, 31.43349874167956, 31.433663401960043, 31.43365837190015, 31.433639591607488, 31.433639591607488, 31.43365837190015, 31.433657966241196, 31.433504640521903, 31.433496505418038, 31.433466351209795, 31.433481084974144, 31.43384629717594]
iterations 35
[31.433639979633288, 31.433648734025375, 31.43365837190015, 31.45278447135196, 31.433663484592365, 31.453004328198073, 31.433639591607488, 31.45289278541726, 31.452850275164813, 31.43365837190015, 31.433657966187592, 31.43383157206151, 31.433648707291418, 31.450564498380306, 31.452850275164813, 31.433844961215886, 31.433658351908278, 31.43364507701802, 31.4336455590821, 31.433663401960043, 31.43365837190015, 31.45306816384222, 31.44246299585481, 31.433840331042177, 31.450643200477266, 31.433675271777574, 31.433639591607488, 31.433657966187592, 31.452814186551148, 31.43384629717594]
iterations 36
[31.433639979633288, 31.433648734025375, 31.453079080707568, 31.45278447135196, 31.433663484592365, 31.453004328198073, 31.4528502754171, 31.45289278541726, 31.452850275164813, 31.45319567168948, 31.433657966187592, 31.442480817067754, 31.450404502145044, 31.450564498380306, 31.452850275164813, 31.450873053726255, 31.45304193852159, 31.44195653840896, 31.45289278541726, 31.450643200477266, 31.43365837190015, 31.45306816384222, 31.44246299585481, 31.45275199041465, 31.450643200477266, 31.433675271777574, 31.452776063696728, 31.44243910180793, 31.453030397965954, 31.43384629717594]
iterations 37
[31.45081820349522, 31.452476022876567, 31.453079080707568, 31.45317473133569, 31.45064983162994, 31.453004328198073, 31.4528502754171, 31.45289278541726, 31.452850275164813, 31.45319567168948, 31.45283673105961, 31.450692229973033, 31.453028551745458, 31.452777213082157, 31.453190488301896, 31.452892785847805, 31.45304193852159, 31.45318875455474, 31.45319537706088, 31.452751520743135, 31.450643200477266, 31.45306816384222, 31.45107228200771, 31.45275199041465, 31.453197754291608, 31.453065721950427, 31.452776063696728, 31.857935971698193, 31.453030397965954, 31.452999558693147]
iterations 38
[31.452775897395203, 31.452476022876567, 31.453188963838176, 31.45317473133569, 31.452738891717658, 31.45320245067358, 31.93361178354661, 31.45289278541726, 31.453194804165513, 31.45319567168948, 31.45283673105961, 31.45288184637063, 31.453190488301896, 31.452999558693147, 31.453195643727696, 31.4531977552482, 31.45304193852159, 31.45318875455474, 31.45319537706088, 31.452751520743135, 31.45319567168948, 31.45319537706088, 31.452476022876567, 31.453190488301896, 31.453197754291608, 31.453065721950427, 31.453166377241953, 31.857935971698193, 31.857935971698193, 31.857935971698193]
iterations 39
[31.452775897395203, 31.834468572990133, 31.933665097566685, 31.45317473133569, 31.45319470326924, 31.45320245067358, 31.93361418389196, 31.85793045040685, 31.45319774338729, 31.45319567168948, 31.453197791991276, 31.453188712727584, 31.453190488301896, 31.85789713073014, 31.45319567168948, 31.4531977552482, 31.453190663654652, 31.45319498791599, 31.45319537706088, 31.45275384302247, 31.45319567168948, 31.93359994068357, 31.453168773957938, 31.857907074275538, 31.453197754291608, 31.4531898417667, 31.453194804165513, 31.93361178354661, 31.857935971698193, 31.857935971698193]
iterations 40
[31.453106050649126, 31.933653942426577, 31.933665097566685, 31.453189002548605, 31.45319470326924, 31.857900455098076, 31.93361418389196, 31.85793045040685, 31.834628727390868, 31.55846698249736, 31.93361178354661, 31.93361178354661, 31.857921762269466, 31.93360238007285, 31.453197751979907, 31.453197757200083, 31.936652220829927, 31.83143053777465, 31.857935971698193, 31.85793045040685, 31.933665097566685, 31.93359994068357, 31.927285356067586, 31.864256222844087, 31.453197754291608, 31.4531898417667, 31.85820730838091, 31.93361178354661, 31.857935971698193, 31.933554485335783]
iterations 41
[31.890297795507312, 31.933653942426577, 31.933665097566685, 31.927285358083715, 31.933601883559547, 31.927284964618227, 31.933653785266262, 31.93361396407943, 31.933653869316327, 31.55846698249736, 31.93361178354661, 31.93361178354661, 31.857921762269466, 31.93360238007285, 31.857993516775245, 31.933595855995815, 31.936652220829927, 31.857940793099385, 31.93359833153831, 31.933668651165487, 31.936652220829927, 31.93359994068357, 31.933660680444973, 31.933603780033962, 31.936652272203805, 31.933611732172732, 31.933650940045304, 31.93361178354661, 31.857935971698193, 31.933554485335783]
iterations 42
[31.93361160007216, 31.933653942426577, 31.933669568304552, 31.936651175966634, 31.933661116379458, 31.933611223546798, 31.933653785266262, 31.93365766201818, 31.936652220829927, 31.933603780033962, 31.93365280804449, 31.936649060456933, 31.933650940045304, 31.93361396407943, 31.933652235725095, 31.93361178457423, 31.936652220829927, 31.933611599407882, 31.93359833153831, 31.933668651165487, 31.936652220829927, 31.933611666712352, 31.933660680444973, 31.93365758994267, 31.936652272203805, 31.93361176283636, 31.933650940045304, 31.933660743530783, 31.936652241540216, 31.933603759323713]
iterations 43
[31.933640220909908, 31.933679320205496, 31.933669568304552, 31.936651175966634, 31.933661116379458, 31.936652277952483, 31.933660588857162, 31.933662470858742, 31.936652220829927, 31.936635939080894, 31.93365280804449, 31.936649060456933, 31.933660743530783, 31.933660743530783, 31.933652235725095, 31.933669568304552, 31.936652220829927, 31.936651175966634, 31.93365220232472, 31.933668651165487, 31.936652220829927, 31.933611666712352, 31.933660680444973, 31.93365758994267, 31.936707646340512, 31.93361176283636, 31.933650940045304, 31.936652225408796, 31.936652241540216, 31.933603759323713]
iterations 44
[31.936651175966634, 31.936652277952483, 31.93669266724749, 31.936651175966634, 31.933661116379458, 31.936652277952483, 31.93665173030696, 31.936707936301993, 31.936652220829927, 31.93670946497244, 31.93665222098716, 31.936649060456933, 31.933660743530783, 31.93665211078288, 31.933678452528213, 31.936706762327734, 31.936652220829927, 31.93670776683793, 31.93365220232472, 31.933668651165487, 31.936652220829927, 31.933611666712352, 31.936652220829927, 31.936649060456933, 31.936707646340512, 31.933708925828835, 31.933660284102555, 31.936652225408796, 31.936707519592293, 31.936651916054583]
iterations 45
[31.936651175966634, 31.936652277952483, 31.93669266724749, 31.936651175966634, 31.933661116379458, 31.936652277952483, 31.93665221430212, 31.936707936301993, 31.936652220829927, 31.93670946497244, 31.936707619343814, 31.936649060456933, 31.933665093335673, 31.93665211078288, 31.933678452528213, 31.936706762327734, 31.936652272203805, 31.93670776683793, 31.93670676217044, 32.009076700126876, 31.936652220829927, 31.933611666712352, 31.936708141547207, 31.93665180596029, 31.936707646340512, 31.936652220829927, 31.93670749020176, 31.936652225408796, 31.936707519592293, 31.93669267169865]
iterations 46
[31.93670762984861, 31.936707633226913, 31.936707912520344, 32.009075924899896, 31.936650732899977, 31.936706132304682, 31.936708112317085, 31.936707936301993, 31.936707646340512, 31.93670946497244, 32.009076440793606, 32.009076440793606, 31.936714281940667, 31.93665211078288, 31.93667860556289, 31.936733805188425, 31.936652272203805, 31.93670776683793, 31.93670676217044, 32.009076700126876, 31.936707765345744, 31.93670675322817, 31.936708141547207, 31.93670565921302, 31.936733805188425, 31.93667860556289, 31.93670749020176, 31.936707292626338, 31.936707519592293, 31.93669267169865]
iterations 47
[31.94466411735859, 32.001119719758165, 31.936707912520344, 32.009075924899896, 32.00907644102063, 31.936708118778785, 31.936708112317085, 32.00907643482612, 31.936707646340512, 31.93670946497244, 32.04786053388493, 32.009076440793606, 31.936714281940667, 31.936719824762285, 31.936733805188425, 31.936733805188425, 31.936708041653933, 32.009076300565496, 31.93670676217044, 32.009076700126876, 31.93671085021005, 31.936707471944395, 31.936708141547207, 31.936733805188425, 31.936733805188425, 31.936678606694613, 31.936790674571593, 31.936707292626338, 31.936714270962888, 31.93673379399942]
iterations 48
[32.00907611716965, 32.001119719758165, 31.936707912520344, 32.009075924899896, 32.00907644102063, 31.936708118778785, 31.936723776407916, 32.00907660223588, 32.00907471464085, 31.93670946497244, 32.04786053388493, 32.009076440793606, 32.0478600246522, 31.936719824762285, 32.01868314985073, 31.936733805188425, 31.936744716937312, 32.009076300565496, 31.936731492745068, 32.009076700126876, 31.93671085021005, 32.00907636965249, 31.936708141547207, 31.93679067312495, 31.94466391834108, 32.00907592811722, 32.00907315007155, 31.936711937943905, 31.936714270962888, 32.00111967371046]
iterations 49
[32.00907611716965, 32.001119719758165, 32.00907591409452, 32.009075924899896, 32.00907644102063, 32.01868373631515, 31.93678621527533, 32.04785956836699, 32.00907471464085, 32.009076440793606, 32.055816996253434, 32.009076440793606, 32.0478600246522, 31.936719824762285, 32.0478600246522, 32.00907644102063, 31.936744716937312, 32.009076300565496, 31.936731492745068, 32.009076700126876, 32.009075924899896, 32.009076440793606, 32.00907595068823, 31.93679067312495, 31.94466391834108, 32.00907592811722, 32.00907611716965, 32.00907592811722, 32.009076300565496, 32.00111967371046]
iterations 50
[32.0478600246522, 32.04785956836699, 32.00907592811722, 32.00907611716965, 32.00907644102063, 32.01868373631515, 32.04785956836699, 32.04785956836699, 32.04785963758, 32.009076440793606, 32.055816996253434, 32.009076440793606, 32.0478600246522, 32.00923716391989, 32.0478600246522, 32.04785961894149, 31.936744716937312, 32.00907630079252, 32.01868373631515, 32.01868373631515, 32.009075924899896, 32.009076440793606, 32.00907611716965, 32.009076440793606, 32.05581699169829, 32.00907592811722, 32.00907611716965, 32.00907592811722, 32.009076300565496, 32.009076300565496]
